1	15 
2	30 
3	32 
4	7 
5	55 
6	37 
7	45 
8	17 
9	26 
10	42 
11	70 
12	51 
13	36 
14	51 
15	63 
16	26 
17	9 
18	32 
19	73 
20	13 
21	53 
22	12 
23	19 
24	31 
25	67 
26	40 
27	47 
28	68 
29	47 
30	18 
31	65 
32	17 
33	14 
34	53 
35	41 
36	43 
37	34 
38	54 
39	53 
40	19 
41	65 
42	41 
43	68 
44	68 
45	10 
46	16 
47	63 
48	55 
49	18 
50	42 
51	63 
52	12 
53	54 
54	71 
55	20 
56	5 
57	75 
58	22 
59	8 
60	36 
61	34 
62	36 
63	6 
64	15 
65	68 
66	74 
67	60 
68	58 
69	3 
70	41 
71	22 
72	10 
73	67 
74	6 
75	2 
76	46 
77	20 
78	50 
79	70 
80	23 
81	60 
82	39 
83	24 
84	37 
85	30 
86	7 
87	64 
88	6 
89	28 
90	48 
91	12 
92	42 
93	70 
94	11 
95	70 
96	4 
97	38 
98	8 
99	43 
100	76 
101	51 
102	9 
103	59 
104	67 
105	16 
106	59 
107	72 
108	13 
109	26 
110	75 
111	20 
112	65 
113	15 
114	14 
115	67 
116	35 
117	64 
118	62 
119	10 
120	33 
121	71 
122	7 
123	28 
124	9 
125	57 
126	63 
127	71 
128	1 
129	21 
130	5 
131	33 
132	12 
133	9 
134	31 
135	22 
136	6 
137	58 
138	44 
139	1 
140	24 
141	53 
142	41 
143	28 
144	13 
145	4 
146	72 
147	51 
148	30 
149	46 
150	15 
151	52 
152	32 
153	30 
154	4 
155	49 
156	29 
157	47 
158	6 
159	56 
160	63 
161	50 
162	50 
163	3 
164	44 
165	76 
166	29 
167	29 
168	72 
169	16 
170	10 
171	56 
172	27 
173	29 
174	37 
175	75 
176	41 
177	49 
178	53 
179	50 
180	67 
181	64 
182	45 
183	4 
184	1 
185	25 
186	43 
187	56 
188	62 
189	45 
190	12 
191	68 
192	68 
193	19 
194	67 
195	47 
196	35 
197	48 
198	15 
199	42 
200	73 
201	3 
202	61 
203	7 
204	65 
205	3 
206	27 
207	18 
208	10 
209	55 
210	38 
211	57 
212	31 
213	25 
214	9 
215	67 
216	43 
217	65 
218	21 
219	1 
220	20 
221	62 
222	33 
223	12 
224	60 
225	54 
226	11 
227	60 
228	57 
229	67 
230	19 
231	36 
232	9 
233	28 
234	35 
235	3 
236	76 
237	1 
238	73 
239	58 
240	23 
241	65 
242	5 
243	58 
244	55 
245	52 
246	14 
247	16 
248	71 
249	36 
250	35 
251	53 
252	52 
253	53 
254	36 
255	71 
256	74 
257	49 
258	75 
259	24 
260	69 
261	8 
262	43 
263	23 
264	36 
265	23 
266	33 
267	7 
268	70 
269	30 
270	50 
271	52 
272	64 
273	54 
274	67 
275	45 
276	55 
277	31 
278	27 
279	33 
280	57 
281	65 
282	42 
283	15 
284	42 
285	25 
286	59 
287	65 
288	50 
289	46 
290	67 
291	76 
292	31 
293	27 
294	7 
295	66 
296	26 
297	17 
298	75 
299	36 
300	14 
301	61 
302	30 
303	57 
304	29 
305	46 
306	32 
307	53 
308	40 
309	18 
310	4 
311	39 
312	62 
313	8 
314	10 
315	38 
316	18 
317	48 
318	5 
319	18 
320	30 
321	37 
322	27 
323	74 
324	67 
325	37 
326	54 
327	6 
328	35 
329	56 
330	34 
331	73 
332	10 
333	7 
334	9 
335	9 
336	12 
337	45 
338	3 
339	6 
340	30 
341	52 
342	49 
343	59 
344	61 
345	24 
346	18 
347	17 
348	40 
349	47 
350	34 
351	49 
352	10 
353	20 
354	24 
355	40 
356	1 
357	22 
358	2 
359	19 
360	43 
361	11 
362	55 
363	72 
364	9 
365	23 
366	60 
367	38 
368	66 
369	19 
370	74 
371	73 
372	72 
373	19 
374	48 
375	63 
376	38 
377	39 
378	21 
379	20 
380	17 
381	34 
382	2 
383	69 
384	14 
385	20 
386	17 
387	34 
388	67 
389	49 
390	9 
391	34 
392	30 
393	53 
394	25 
395	22 
396	6 
397	63 
398	38 
399	26 
400	9 
401	36 
402	13 
403	59 
404	15 
405	10 
406	64 
407	74 
408	64 
409	25 
410	17 
411	8 
412	34 
413	9 
414	72 
415	8 
416	4 
417	53 
418	62 
419	69 
420	15 
421	67 
422	32 
423	60 
424	36 
425	49 
426	48 
427	44 
428	21 
429	59 
430	63 
431	13 
432	63 
433	26 
434	76 
435	59 
436	52 
437	74 
438	12 
439	1 
440	21 
441	69 
442	44 
443	9 
444	37 
445	48 
446	42 
447	69 
448	31 
449	16 
450	69 
451	53 
452	53 
453	58 
454	8 
455	71 
456	49 
457	76 
458	50 
459	32 
460	21 
461	63 
462	2 
463	11 
464	73 
465	31 
466	31 
467	60 
468	2 
469	60 
470	36 
471	23 
472	18 
473	28 
474	11 
475	66 
476	30 
477	30 
478	21 
479	6 
480	50 
481	50 
482	60 
483	35 
484	67 
485	72 
486	15 
487	36 
488	45 
489	28 
490	6 
491	3 
492	5 
493	6 
494	53 
495	67 
496	20 
497	4 
498	52 
499	60 
500	44 
501	49 
502	76 
503	28 
504	34 
505	25 
506	22 
507	10 
508	17 
509	15 
510	50 
511	7 
512	76 
513	38 
514	2 
515	43 
516	16 
517	5 
518	70 
519	66 
520	1 
521	71 
522	9 
523	18 
524	74 
525	67 
526	32 
527	49 
528	71 
529	1 
530	60 
531	44 
532	61 
533	67 
534	9 
535	2 
536	55 
537	63 
538	16 
539	58 
540	61 
541	43 
542	31 
543	70 
544	13 
545	52 
546	66 
547	73 
548	20 
549	34 
550	71 
551	19 
552	12 
553	37 
554	65 
555	50 
556	18 
557	44 
558	69 
559	40 
560	32 
561	46 
562	46 
563	43 
564	36 
565	71 
566	6 
567	70 
568	42 
569	46 
570	19 
571	21 
572	56 
573	28 
574	40 
575	29 
576	23 
577	65 
578	42 
579	74 
580	11 
581	55 
582	51 
583	60 
584	15 
585	11 
586	13 
587	16 
588	29 
589	36 
590	33 
591	42 
592	7 
593	18 
594	46 
595	5 
596	12 
597	48 
598	39 
599	49 
600	7 
601	44 
602	12 
603	15 
604	34 
605	36 
606	26 
607	34 
608	1 
609	7 
610	46 
611	8 
612	37 
613	51 
614	69 
615	26 
616	70 
617	61 
618	26 
619	63 
620	66 
621	66 
622	6 
623	71 
624	69 
625	63 
626	31 
627	21 
628	61 
629	58 
630	53 
631	72 
632	46 
633	61 
634	56 
635	2 
636	23 
637	58 
638	8 
639	61 
640	42 
641	21 
642	69 
643	51 
644	36 
645	60 
646	51 
647	13 
648	15 
649	15 
650	71 
651	39 
652	3 
653	55 
654	56 
655	56 
656	52 
657	33 
658	6 
659	67 
660	2 
661	72 
662	18 
663	33 
664	25 
665	33 
666	32 
667	73 
668	36 
669	63 
670	66 
671	5 
672	18 
673	71 
674	40 
675	58 
676	31 
677	33 
678	39 
679	32 
680	21 
681	66 
682	7 
683	25 
684	70 
685	9 
686	66 
687	61 
688	15 
689	49 
690	65 
691	69 
692	46 
693	5 
694	21 
695	19 
696	55 
697	1 
698	1 
699	26 
700	15 
701	65 
702	67 
703	60 
704	5 
705	1 
706	60 
707	16 
708	12 
709	42 
710	1 
711	61 
712	40 
713	18 
714	51 
715	66 
716	4 
717	21 
718	26 
719	20 
720	39 
721	42 
722	65 
723	1 
724	48 
725	19 
726	33 
727	16 
728	30 
729	17 
730	40 
731	15 
732	69 
733	32 
734	13 
735	9 
736	53 
737	33 
738	2 
739	7 
740	6 
741	51 
742	73 
743	6 
744	58 
745	42 
746	55 
747	17 
748	70 
749	25 
750	2 
751	71 
752	60 
753	8 
754	39 
755	15 
756	9 
757	53 
758	15 
759	39 
760	53 
761	17 
762	34 
763	7 
764	17 
765	15 
766	37 
767	40 
768	61 
769	18 
770	7 
771	63 
772	17 
773	5 
774	65 
775	39 
776	9 
777	39 
778	53 
779	40 
780	18 
781	4 
782	61 
783	48 
784	18 
785	4 
786	53 
787	65 
788	2 
789	31 
790	26 
791	20 
792	58 
793	42 
794	46 
795	63 
796	8 
797	15 
798	25 
799	6 
800	46 
801	6 
802	2 
803	26 
804	43 
805	25 
806	69 
807	71 
808	67 
809	7 
810	55 
811	25 
812	67 
813	20 
814	33 
815	39 
816	15 
817	32 
818	9 
819	53 
820	67 
821	67 
822	21 
823	20 
824	42 
825	60 
826	61 
827	67 
828	49 
829	51 
830	7 
831	63 
832	30 
833	66 
834	30 
835	21 
836	18 
837	18 
838	6 
839	39 
840	19 
841	60 
842	39 
843	30 
844	50 
845	18 
846	34 
847	7 
848	63 
849	53 
850	63 
851	71 
852	39 
853	6 
854	48 
855	37 
856	48 
857	48 
858	42 
859	37 
860	60 
861	18 
862	9 
863	30 
864	31 
865	70 
866	5 
867	1 
868	39 
869	70 
870	50 
871	31 
872	49 
873	5 
874	19 
875	46 
876	69 
877	67 
878	36 
879	34 
880	71 
881	49 
882	26 
883	67 
884	60 
885	66 
886	1 
887	37 
888	9 
889	70 
890	53 
891	26 
892	65 
893	63 
894	21 
895	61 
896	60 
897	19 
898	53 
899	53 
900	65 
901	65 
902	9 
903	9 
904	67 
905	30 
906	65 
907	30 
908	63 
909	39 
910	49 
911	31 
912	46 
913	21 
914	69 
915	37 
916	49 
917	46 
918	37 
919	9 
920	61 
921	9 
922	37 
923	42 
924	6 
925	7 
926	30 
927	31 
928	19 
929	60 
930	67 
931	34 
932	15 
933	6 
934	34 
935	6 
936	49 
937	19 
938	65 
939	34 
940	49 
941	19 
942	18 
943	9 
944	49 
945	34 
946	42 
947	15 
948	36 
949	63 
950	21 
951	7 
952	6 
953	61 
954	36 
955	49 
956	36 
957	15 
958	63 
959	49 
960	1 
961	63 
962	42 
963	39 
964	30 
965	34 
966	15 
967	6 
968	53 
969	21 
970	61 
971	63 
972	1 
973	9 
974	42 
975	42 
976	6 
977	36 
978	61 
979	39 
980	1 
981	67 
982	61 
983	53 
984	60 
985	18 
986	9 
987	18 
988	36 
989	30 
990	39 
991	36 
992	1 
993	9 
994	30 
995	36 
996	1 
997	49 
998	60 
999	15 
1000	15 
