1	61 
2	51 
3	4 
4	15 
5	20 
6	47 
7	64 
8	59 
9	58 
10	53 
11	68 
12	12 
13	24 
14	31 
15	4 
16	22 
17	36 
18	24 
19	73 
20	17 
21	39 
22	67 
23	11 
24	5 
25	39 
26	20 
27	23 
28	40 
29	13 
30	27 
31	8 
32	70 
33	31 
34	12 
35	66 
36	54 
37	2 
38	73 
39	46 
40	56 
41	17 
42	13 
43	53 
44	18 
45	33 
46	54 
47	55 
48	22 
49	66 
50	1 
51	69 
52	73 
53	31 
54	41 
55	9 
56	58 
57	56 
58	36 
59	62 
60	18 
61	9 
62	73 
63	70 
64	57 
65	46 
66	64 
67	52 
68	50 
69	9 
70	24 
71	65 
72	19 
73	3 
74	33 
75	59 
76	44 
77	72 
78	63 
79	49 
80	59 
81	68 
82	34 
83	13 
84	36 
85	45 
86	27 
87	43 
88	20 
89	37 
90	16 
91	62 
92	51 
93	19 
94	65 
95	31 
96	63 
97	1 
98	19 
99	31 
100	24 
101	57 
102	13 
103	51 
104	66 
105	33 
106	6 
107	69 
108	8 
109	52 
110	57 
111	44 
112	61 
113	32 
114	2 
115	35 
116	40 
117	9 
118	48 
119	70 
120	44 
121	21 
122	42 
123	66 
124	51 
125	30 
126	68 
127	54 
128	59 
129	66 
130	7 
131	46 
132	57 
133	22 
134	70 
135	25 
136	20 
137	24 
138	55 
139	20 
140	19 
141	56 
142	51 
143	7 
144	6 
145	6 
146	47 
147	46 
148	45 
149	28 
150	50 
151	38 
152	62 
153	12 
154	60 
155	54 
156	2 
157	52 
158	15 
159	26 
160	41 
161	36 
162	31 
163	44 
164	50 
165	32 
166	10 
167	51 
168	73 
169	4 
170	38 
171	37 
172	13 
173	43 
174	63 
175	14 
176	35 
177	16 
178	44 
179	45 
180	14 
181	69 
182	31 
183	55 
184	30 
185	56 
186	46 
187	59 
188	65 
189	72 
190	29 
191	55 
192	43 
193	67 
194	31 
195	20 
196	4 
197	58 
198	1 
199	4 
200	47 
201	40 
202	57 
203	49 
204	64 
205	57 
206	72 
207	22 
208	73 
209	12 
210	31 
211	51 
212	46 
213	31 
214	27 
215	3 
216	27 
217	15 
218	33 
219	73 
220	1 
221	43 
222	17 
223	68 
224	8 
225	23 
226	20 
227	7 
228	65 
229	34 
230	58 
231	16 
232	63 
233	33 
234	57 
235	4 
236	67 
237	3 
238	25 
239	34 
240	28 
241	11 
242	7 
243	59 
244	9 
245	4 
246	11 
247	6 
248	59 
249	31 
250	37 
251	24 
252	67 
253	6 
254	3 
255	27 
256	42 
257	60 
258	46 
259	47 
260	26 
261	49 
262	42 
263	50 
264	68 
265	20 
266	66 
267	17 
268	70 
269	7 
270	28 
271	18 
272	52 
273	36 
274	60 
275	57 
276	33 
277	44 
278	23 
279	6 
280	37 
281	38 
282	61 
283	63 
284	64 
285	50 
286	3 
287	47 
288	23 
289	14 
290	16 
291	17 
292	59 
293	31 
294	41 
295	54 
296	20 
297	53 
298	8 
299	50 
300	16 
301	60 
302	61 
303	46 
304	38 
305	2 
306	71 
307	13 
308	18 
309	46 
310	22 
311	10 
312	65 
313	34 
314	53 
315	2 
316	13 
317	48 
318	22 
319	65 
320	29 
321	8 
322	23 
323	62 
324	53 
325	5 
326	41 
327	63 
328	64 
329	47 
330	48 
331	46 
332	46 
333	61 
334	64 
335	42 
336	22 
337	39 
338	20 
339	26 
340	49 
341	48 
342	46 
343	59 
344	44 
345	39 
346	43 
347	64 
348	24 
349	20 
350	38 
351	61 
352	2 
353	18 
354	60 
355	36 
356	69 
357	46 
358	28 
359	57 
360	46 
361	66 
362	11 
363	71 
364	14 
365	36 
366	4 
367	65 
368	27 
369	45 
370	46 
371	21 
372	46 
373	21 
374	32 
375	36 
376	24 
377	29 
378	62 
379	41 
380	24 
381	16 
382	31 
383	44 
384	44 
385	21 
386	9 
387	71 
388	23 
389	67 
390	66 
391	61 
392	33 
393	40 
394	38 
395	23 
396	62 
397	13 
398	40 
399	13 
400	17 
401	49 
402	6 
403	11 
404	53 
405	31 
406	25 
407	49 
408	69 
409	21 
410	66 
411	52 
412	73 
413	21 
414	61 
415	71 
416	57 
417	54 
418	30 
419	59 
420	33 
421	59 
422	39 
423	10 
424	1 
425	35 
426	25 
427	31 
428	59 
429	7 
430	25 
431	25 
432	54 
433	33 
434	64 
435	72 
436	43 
437	1 
438	61 
439	4 
440	36 
441	24 
442	11 
443	60 
444	73 
445	71 
446	23 
447	43 
448	40 
449	2 
450	7 
451	73 
452	30 
453	16 
454	5 
455	47 
456	21 
457	9 
458	11 
459	35 
460	63 
461	13 
462	9 
463	1 
464	61 
465	32 
466	38 
467	16 
468	26 
469	25 
470	8 
471	36 
472	24 
473	44 
474	23 
475	54 
476	9 
477	23 
478	54 
479	63 
480	56 
481	6 
482	43 
483	46 
484	6 
485	33 
486	5 
487	16 
488	65 
489	37 
490	1 
491	65 
492	37 
493	22 
494	28 
495	61 
496	3 
497	51 
498	2 
499	24 
500	13 
501	43 
502	26 
503	6 
504	61 
505	50 
506	6 
507	63 
508	31 
509	31 
510	40 
511	47 
512	46 
513	63 
514	58 
515	26 
516	18 
517	29 
518	30 
519	2 
520	49 
521	60 
522	38 
523	73 
524	23 
525	49 
526	44 
527	66 
528	14 
529	61 
530	13 
531	6 
532	41 
533	50 
534	44 
535	66 
536	66 
537	50 
538	13 
539	8 
540	42 
541	23 
542	29 
543	15 
544	1 
545	69 
546	40 
547	9 
548	21 
549	19 
550	71 
551	56 
552	45 
553	57 
554	51 
555	65 
556	30 
557	19 
558	13 
559	35 
560	53 
561	52 
562	5 
563	31 
564	51 
565	9 
566	35 
567	28 
568	54 
569	45 
570	73 
571	60 
572	20 
573	68 
574	14 
575	29 
576	70 
577	21 
578	10 
579	55 
580	13 
581	31 
582	71 
583	56 
584	21 
585	70 
586	47 
587	9 
588	49 
589	42 
590	14 
591	3 
592	48 
593	35 
594	66 
595	29 
596	43 
597	51 
598	56 
599	55 
600	14 
601	34 
602	31 
603	21 
604	9 
605	31 
606	56 
607	38 
608	34 
609	60 
610	61 
611	48 
612	66 
613	53 
614	48 
615	37 
616	58 
617	66 
618	23 
619	56 
620	72 
621	50 
622	11 
623	65 
624	68 
625	24 
626	53 
627	5 
628	45 
629	56 
630	54 
631	27 
632	6 
633	21 
634	65 
635	49 
636	2 
637	19 
638	48 
639	54 
640	68 
641	73 
642	45 
643	56 
644	7 
645	61 
646	53 
647	22 
648	20 
649	32 
650	13 
651	38 
652	10 
653	14 
654	50 
655	9 
656	21 
657	20 
658	64 
659	54 
660	10 
661	46 
662	35 
663	12 
664	41 
665	48 
666	9 
667	54 
668	19 
669	58 
670	39 
671	44 
672	23 
673	46 
674	4 
675	31 
676	50 
677	7 
678	24 
679	73 
680	1 
681	58 
682	58 
683	44 
684	23 
685	4 
686	36 
687	65 
688	5 
689	14 
690	43 
691	62 
692	5 
693	23 
694	12 
695	7 
696	20 
697	6 
698	9 
699	65 
700	54 
701	4 
702	48 
703	22 
704	48 
705	65 
706	15 
707	5 
708	1 
709	33 
710	52 
711	39 
712	73 
713	63 
714	23 
715	48 
716	52 
717	24 
718	15 
719	66 
720	47 
721	7 
722	20 
723	9 
724	66 
725	31 
726	23 
727	15 
728	61 
729	64 
730	72 
731	61 
732	16 
733	58 
734	33 
735	65 
736	1 
737	63 
738	27 
739	32 
740	56 
741	46 
742	27 
743	43 
744	48 
745	9 
746	63 
747	35 
748	32 
749	1 
750	35 
751	24 
752	43 
753	5 
754	73 
755	11 
756	20 
757	64 
758	48 
759	24 
760	46 
761	60 
762	44 
763	19 
764	69 
765	24 
766	13 
767	31 
768	36 
769	17 
770	29 
771	65 
772	43 
773	39 
774	61 
775	72 
776	72 
777	59 
778	71 
779	42 
780	51 
781	73 
782	20 
783	68 
784	51 
785	20 
786	20 
787	24 
788	23 
789	43 
790	21 
791	9 
792	24 
793	21 
794	44 
795	22 
796	7 
797	63 
798	44 
799	21 
800	27 
801	31 
802	31 
803	31 
804	29 
805	22 
806	66 
807	51 
808	23 
809	2 
810	35 
811	45 
812	36 
813	21 
814	72 
815	61 
816	24 
817	46 
818	64 
819	48 
820	2 
821	20 
822	36 
823	58 
824	7 
825	32 
826	61 
827	37 
828	46 
829	20 
830	13 
831	47 
832	22 
833	39 
834	73 
835	43 
836	73 
837	48 
838	49 
839	21 
840	58 
841	51 
842	59 
843	20 
844	14 
845	33 
846	50 
847	7 
848	20 
849	44 
850	66 
851	21 
852	44 
853	33 
854	46 
855	4 
856	61 
857	65 
858	48 
859	29 
860	44 
861	73 
862	37 
863	9 
864	24 
865	1 
866	37 
867	20 
868	11 
869	52 
870	19 
871	4 
872	47 
873	47 
874	13 
875	21 
876	71 
877	66 
878	4 
879	2 
880	49 
881	45 
882	23 
883	43 
884	11 
885	44 
886	7 
887	60 
888	48 
889	2 
890	16 
891	6 
892	47 
893	49 
894	59 
895	56 
896	61 
897	13 
898	47 
899	11 
900	9 
901	48 
902	13 
903	6 
904	16 
905	16 
906	9 
907	19 
908	13 
909	43 
910	61 
911	24 
912	4 
913	20 
914	5 
915	72 
916	1 
917	72 
918	7 
919	7 
920	21 
921	7 
922	66 
923	24 
924	13 
925	21 
926	56 
927	4 
928	23 
929	29 
930	29 
931	9 
932	24 
933	21 
934	56 
935	9 
936	33 
937	47 
938	35 
939	57 
940	2 
941	4 
942	66 
943	47 
944	54 
945	65 
946	9 
947	65 
948	7 
949	54 
950	24 
951	43 
952	7 
953	24 
954	66 
955	36 
956	21 
957	43 
958	44 
959	20 
960	6 
961	1 
962	13 
963	24 
964	65 
965	48 
966	73 
967	29 
968	65 
969	13 
970	22 
971	61 
972	20 
973	59 
974	21 
975	31 
976	29 
977	7 
978	51 
979	66 
980	50 
981	21 
982	29 
983	61 
984	9 
985	13 
986	59 
987	56 
988	13 
989	51 
990	65 
991	59 
992	24 
993	23 
994	21 
995	20 
996	20 
997	9 
998	44 
999	7 
1000	56 
