1	64 
2	45 
3	65 
4	20 
5	20 
6	29 
7	2 
8	42 
9	69 
10	65 
11	43 
12	72 
13	26 
14	9 
15	12 
16	62 
17	67 
18	52 
19	63 
20	31 
21	64 
22	9 
23	33 
24	8 
25	51 
26	43 
27	67 
28	5 
29	65 
30	37 
31	20 
32	42 
33	34 
34	29 
35	65 
36	18 
37	35 
38	2 
39	20 
40	65 
41	65 
42	71 
43	46 
44	69 
45	31 
46	64 
47	63 
48	5 
49	35 
50	8 
51	10 
52	70 
53	39 
54	13 
55	34 
56	55 
57	44 
58	36 
59	4 
60	27 
61	24 
62	21 
63	64 
64	9 
65	61 
66	72 
67	33 
68	55 
69	65 
70	64 
71	65 
72	5 
73	68 
74	3 
75	6 
76	30 
77	14 
78	3 
79	25 
80	12 
81	6 
82	20 
83	47 
84	23 
85	5 
86	62 
87	61 
88	56 
89	22 
90	33 
91	52 
92	21 
93	9 
94	7 
95	42 
96	35 
97	17 
98	27 
99	19 
100	68 
101	10 
102	36 
103	51 
104	68 
105	57 
106	58 
107	64 
108	54 
109	68 
110	5 
111	40 
112	50 
113	24 
114	42 
115	14 
116	18 
117	9 
118	43 
119	71 
120	58 
121	46 
122	58 
123	40 
124	65 
125	51 
126	22 
127	26 
128	67 
129	18 
130	50 
131	61 
132	63 
133	9 
134	69 
135	49 
136	5 
137	41 
138	14 
139	35 
140	38 
141	5 
142	14 
143	7 
144	51 
145	16 
146	4 
147	35 
148	13 
149	1 
150	41 
151	9 
152	72 
153	18 
154	46 
155	14 
156	35 
157	68 
158	26 
159	4 
160	10 
161	52 
162	12 
163	72 
164	37 
165	65 
166	68 
167	29 
168	5 
169	44 
170	2 
171	22 
172	1 
173	8 
174	20 
175	35 
176	14 
177	55 
178	37 
179	57 
180	65 
181	28 
182	44 
183	25 
184	39 
185	20 
186	57 
187	16 
188	18 
189	4 
190	63 
191	31 
192	36 
193	10 
194	58 
195	52 
196	35 
197	31 
198	56 
199	40 
200	27 
201	64 
202	41 
203	60 
204	38 
205	67 
206	21 
207	46 
208	13 
209	59 
210	12 
211	68 
212	71 
213	48 
214	61 
215	54 
216	9 
217	71 
218	64 
219	45 
220	64 
221	69 
222	9 
223	39 
224	71 
225	35 
226	51 
227	60 
228	64 
229	55 
230	66 
231	38 
232	66 
233	60 
234	49 
235	59 
236	20 
237	30 
238	17 
239	61 
240	23 
241	42 
242	54 
243	57 
244	40 
245	68 
246	4 
247	67 
248	58 
249	16 
250	65 
251	32 
252	50 
253	4 
254	4 
255	65 
256	40 
257	34 
258	51 
259	6 
260	29 
261	65 
262	18 
263	14 
264	14 
265	9 
266	37 
267	10 
268	72 
269	30 
270	15 
271	40 
272	35 
273	34 
274	18 
275	72 
276	71 
277	57 
278	33 
279	44 
280	65 
281	11 
282	60 
283	35 
284	38 
285	28 
286	53 
287	20 
288	62 
289	19 
290	53 
291	51 
292	3 
293	40 
294	3 
295	41 
296	72 
297	42 
298	2 
299	19 
300	36 
301	66 
302	53 
303	11 
304	35 
305	42 
306	69 
307	33 
308	50 
309	68 
310	34 
311	14 
312	32 
313	29 
314	65 
315	70 
316	15 
317	49 
318	47 
319	4 
320	38 
321	35 
322	70 
323	71 
324	41 
325	58 
326	5 
327	51 
328	69 
329	7 
330	42 
331	25 
332	67 
333	18 
334	43 
335	41 
336	48 
337	40 
338	33 
339	49 
340	56 
341	41 
342	51 
343	71 
344	36 
345	3 
346	16 
347	8 
348	49 
349	13 
350	71 
351	10 
352	3 
353	53 
354	39 
355	13 
356	62 
357	56 
358	17 
359	21 
360	65 
361	22 
362	32 
363	5 
364	62 
365	13 
366	39 
367	24 
368	1 
369	44 
370	11 
371	48 
372	20 
373	16 
374	20 
375	71 
376	16 
377	19 
378	15 
379	4 
380	4 
381	61 
382	51 
383	41 
384	63 
385	39 
386	54 
387	37 
388	15 
389	66 
390	45 
391	19 
392	15 
393	32 
394	47 
395	52 
396	10 
397	30 
398	41 
399	45 
400	18 
401	8 
402	20 
403	42 
404	28 
405	30 
406	68 
407	48 
408	32 
409	21 
410	70 
411	52 
412	6 
413	9 
414	68 
415	50 
416	29 
417	21 
418	47 
419	54 
420	66 
421	35 
422	64 
423	69 
424	69 
425	66 
426	64 
427	24 
428	37 
429	52 
430	39 
431	41 
432	16 
433	47 
434	63 
435	29 
436	45 
437	5 
438	45 
439	61 
440	41 
441	14 
442	44 
443	9 
444	42 
445	51 
446	20 
447	69 
448	71 
449	13 
450	20 
451	61 
452	28 
453	51 
454	56 
455	64 
456	13 
457	50 
458	19 
459	20 
460	63 
461	7 
462	61 
463	61 
464	4 
465	35 
466	34 
467	72 
468	18 
469	71 
470	43 
471	65 
472	53 
473	66 
474	61 
475	11 
476	55 
477	71 
478	32 
479	47 
480	57 
481	68 
482	6 
483	7 
484	13 
485	31 
486	18 
487	64 
488	34 
489	66 
490	13 
491	16 
492	57 
493	65 
494	4 
495	19 
496	39 
497	41 
498	41 
499	20 
500	10 
501	28 
502	16 
503	23 
504	44 
505	55 
506	20 
507	41 
508	34 
509	19 
510	39 
511	21 
512	2 
513	29 
514	6 
515	33 
516	51 
517	48 
518	57 
519	34 
520	57 
521	43 
522	14 
523	41 
524	51 
525	65 
526	51 
527	7 
528	63 
529	47 
530	16 
531	5 
532	2 
533	61 
534	16 
535	30 
536	45 
537	9 
538	53 
539	71 
540	7 
541	39 
542	72 
543	71 
544	60 
545	27 
546	20 
547	31 
548	57 
549	9 
550	1 
551	35 
552	10 
553	32 
554	49 
555	68 
556	63 
557	6 
558	60 
559	42 
560	35 
561	1 
562	69 
563	16 
564	16 
565	70 
566	42 
567	29 
568	4 
569	15 
570	67 
571	41 
572	65 
573	65 
574	29 
575	41 
576	6 
577	55 
578	59 
579	25 
580	32 
581	35 
582	9 
583	8 
584	55 
585	51 
586	23 
587	32 
588	24 
589	64 
590	13 
591	26 
592	65 
593	4 
594	68 
595	8 
596	69 
597	41 
598	22 
599	65 
600	21 
601	17 
602	46 
603	10 
604	53 
605	14 
606	10 
607	65 
608	41 
609	4 
610	44 
611	31 
612	28 
613	43 
614	65 
615	51 
616	18 
617	56 
618	59 
619	17 
620	69 
621	40 
622	41 
623	4 
624	29 
625	64 
626	52 
627	35 
628	35 
629	15 
630	29 
631	6 
632	20 
633	4 
634	12 
635	34 
636	47 
637	55 
638	11 
639	25 
640	72 
641	65 
642	36 
643	1 
644	6 
645	29 
646	10 
647	26 
648	9 
649	42 
650	14 
651	32 
652	14 
653	71 
654	34 
655	55 
656	35 
657	19 
658	9 
659	52 
660	9 
661	12 
662	8 
663	9 
664	13 
665	30 
666	47 
667	47 
668	58 
669	64 
670	31 
671	60 
672	57 
673	42 
674	67 
675	72 
676	64 
677	12 
678	47 
679	61 
680	64 
681	13 
682	4 
683	32 
684	51 
685	14 
686	22 
687	31 
688	39 
689	4 
690	67 
691	59 
692	51 
693	71 
694	4 
695	51 
696	65 
697	58 
698	69 
699	72 
700	27 
701	64 
702	21 
703	8 
704	27 
705	16 
706	30 
707	35 
708	10 
709	24 
710	5 
711	3 
712	72 
713	32 
714	35 
715	39 
716	59 
717	4 
718	20 
719	46 
720	4 
721	42 
722	60 
723	59 
724	68 
725	35 
726	9 
727	33 
728	23 
729	14 
730	7 
731	14 
732	4 
733	34 
734	1 
735	51 
736	45 
737	13 
738	58 
739	64 
740	40 
741	68 
742	16 
743	4 
744	57 
745	65 
746	48 
747	63 
748	22 
749	68 
750	51 
751	46 
752	5 
753	68 
754	10 
755	42 
756	42 
757	9 
758	5 
759	5 
760	7 
761	41 
762	1 
763	51 
764	32 
765	68 
766	15 
767	59 
768	13 
769	6 
770	34 
771	41 
772	11 
773	72 
774	23 
775	58 
776	69 
777	31 
778	2 
779	9 
780	31 
781	5 
782	51 
783	66 
784	57 
785	34 
786	13 
787	66 
788	61 
789	67 
790	61 
791	2 
792	64 
793	6 
794	4 
795	45 
796	50 
797	47 
798	6 
799	14 
800	71 
801	4 
802	49 
803	14 
804	72 
805	12 
806	14 
807	32 
808	68 
809	4 
810	41 
811	4 
812	57 
813	52 
814	8 
815	28 
816	29 
817	2 
818	53 
819	15 
820	9 
821	71 
822	3 
823	3 
824	64 
825	29 
826	53 
827	61 
828	20 
829	29 
830	72 
831	59 
832	47 
833	35 
834	68 
835	23 
836	53 
837	61 
838	14 
839	5 
840	69 
841	57 
842	28 
843	55 
844	35 
845	42 
846	49 
847	60 
848	58 
849	6 
850	37 
851	44 
852	63 
853	68 
854	47 
855	21 
856	14 
857	13 
858	10 
859	29 
860	3 
861	52 
862	41 
863	52 
864	46 
865	1 
866	72 
867	64 
868	66 
869	9 
870	46 
871	9 
872	20 
873	66 
874	29 
875	31 
876	4 
877	31 
878	51 
879	47 
880	71 
881	15 
882	10 
883	40 
884	42 
885	14 
886	31 
887	14 
888	47 
889	6 
890	1 
891	49 
892	42 
893	1 
894	47 
895	47 
896	34 
897	9 
898	5 
899	31 
900	68 
901	51 
902	31 
903	9 
904	20 
905	31 
906	34 
907	52 
908	71 
909	6 
910	1 
911	71 
912	32 
913	21 
914	42 
915	71 
916	21 
917	13 
918	10 
919	42 
920	15 
921	21 
922	65 
923	32 
924	4 
925	14 
926	35 
927	41 
928	3 
929	2 
930	15 
931	41 
932	21 
933	47 
934	67 
935	40 
936	45 
937	31 
938	51 
939	35 
940	46 
941	18 
942	67 
943	57 
944	9 
945	61 
946	9 
947	51 
948	31 
949	21 
950	18 
951	31 
952	34 
953	35 
954	18 
955	15 
956	67 
957	6 
958	20 
959	1 
960	47 
961	10 
962	51 
963	68 
964	34 
965	42 
966	42 
967	64 
968	69 
969	52 
970	51 
971	6 
972	72 
973	35 
974	14 
975	47 
976	5 
977	14 
978	39 
979	71 
980	72 
981	5 
982	9 
983	16 
984	32 
985	32 
986	42 
987	20 
988	15 
989	72 
990	72 
991	3 
992	5 
993	34 
994	6 
995	47 
996	6 
997	20 
998	29 
999	31 
1000	39 
