1	356
1	615
1	662
1	867
1	967
2	436
2	529
2	743
2	936
2	940
3	269
3	500
3	547
3	573
3	614
4	50
4	479
4	546
4	740
4	997
5	411
5	632
5	735
5	960
5	997
6	825
6	881
6	955
6	965
6	998
7	260
7	708
7	817
7	844
7	899
8	538
8	774
8	884
8	919
8	997
9	425
9	437
9	607
9	840
9	968
10	607
10	641
10	822
10	925
10	963
11	30
11	433
11	470
11	917
11	921
12	831
12	903
12	944
12	972
12	990
13	127
13	591
13	647
13	919
13	983
14	444
14	483
14	779
14	895
14	944
15	356
15	472
15	677
15	760
15	805
16	86
16	216
16	288
16	770
16	929
17	321
17	419
17	669
17	934
17	956
18	547
18	659
18	673
18	789
18	907
19	384
19	761
19	852
19	889
19	971
20	212
20	333
20	542
20	937
20	999
21	63
21	647
21	701
21	819
21	880
22	582
22	897
22	938
22	958
22	969
23	67
23	238
23	327
23	727
23	753
24	50
24	703
24	750
24	808
24	968
25	289
25	416
25	782
25	922
25	970
26	231
26	440
26	521
26	613
26	957
27	606
27	771
27	942
27	956
27	960
28	694
28	783
28	976
28	981
28	984
29	471
29	663
29	696
29	712
29	958
30	11
30	43
30	428
30	796
30	850
31	287
31	421
31	660
31	956
31	987
32	389
32	403
32	685
32	735
32	986
33	744
33	888
33	964
33	993
33	999
34	854
34	874
34	945
34	946
34	998
35	261
35	599
35	827
35	841
35	866
36	743
36	820
36	930
36	941
36	954
37	106
37	279
37	304
37	871
37	926
38	344
38	678
38	791
38	929
38	985
39	374
39	385
39	828
39	937
39	944
40	101
40	493
40	607
40	786
40	911
41	107
41	270
41	469
41	572
41	922
42	119
42	692
42	816
42	822
42	915
43	30
43	453
43	480
43	864
43	940
44	221
44	432
44	596
44	634
44	974
45	65
45	542
45	875
45	904
45	937
46	227
46	528
46	612
46	739
46	824
47	556
47	656
47	658
47	747
47	918
48	124
48	759
48	811
48	845
48	981
49	267
49	283
49	312
49	953
49	965
50	4
50	24
50	147
50	439
50	583
51	500
51	700
51	858
51	973
51	988
52	154
52	322
52	410
52	816
52	864
53	385
53	764
53	798
53	994
53	1000
54	355
54	441
54	568
54	630
54	917
55	348
55	560
55	896
55	922
55	952
56	317
56	637
56	674
56	843
56	881
57	369
57	516
57	851
57	866
57	908
58	300
58	344
58	513
58	642
58	831
59	146
59	379
59	439
59	604
59	710
60	605
60	672
60	700
60	704
60	830
61	100
61	515
61	588
61	709
61	881
62	83
62	521
62	600
62	627
62	916
63	21
63	218
63	695
63	922
63	978
64	235
64	726
64	870
64	903
64	933
65	45
65	372
65	679
65	827
65	879
66	882
66	971
66	972
66	989
66	991
67	23
67	381
67	584
67	727
67	995
68	505
68	637
68	868
68	895
68	937
69	572
69	614
69	659
69	730
69	797
70	459
70	752
70	792
70	824
70	983
71	376
71	471
71	525
71	595
71	705
72	545
72	905
72	970
72	976
72	981
73	193
73	741
73	791
73	804
73	853
74	504
74	531
74	734
74	928
74	991
75	587
75	946
75	971
75	981
75	996
76	336
76	572
76	665
76	706
76	727
77	801
77	838
77	856
77	916
77	937
78	512
78	701
78	705
78	822
78	991
79	475
79	579
79	637
79	639
79	875
80	162
80	645
80	805
80	941
80	942
81	431
81	780
81	789
81	971
81	996
82	527
82	835
82	906
82	958
82	987
83	62
83	808
83	854
83	892
83	933
84	774
84	813
84	829
84	835
84	921
85	353
85	679
85	758
85	840
85	992
86	16
86	288
86	415
86	753
86	987
87	463
87	648
87	790
87	850
87	944
88	98
88	119
88	198
88	617
88	960
89	456
89	598
89	618
89	748
89	834
90	157
90	515
90	569
90	591
90	756
91	178
91	184
91	677
91	863
91	950
92	237
92	464
92	658
92	913
92	932
93	265
93	796
93	798
93	871
93	917
94	527
94	637
94	665
94	760
94	848
95	554
95	919
95	929
95	942
95	965
96	560
96	637
96	692
96	833
96	867
97	464
97	601
97	619
97	952
97	1000
98	88
98	545
98	704
98	885
98	969
99	509
99	617
99	657
99	794
99	815
100	61
100	594
100	784
100	808
100	846
101	40
101	396
101	831
101	886
101	918
102	192
102	226
102	506
102	642
102	971
103	192
103	529
103	537
103	878
103	938
104	109
104	158
104	481
104	814
104	947
105	603
105	744
105	754
105	841
105	862
106	37
106	120
106	686
106	848
106	923
107	41
107	201
107	680
107	834
107	992
108	313
108	386
108	419
108	543
108	829
109	104
109	300
109	305
109	727
109	853
110	524
110	898
110	932
110	960
110	981
111	215
111	380
111	621
111	625
111	935
112	457
112	727
112	796
112	900
112	971
113	588
113	705
113	709
113	924
113	927
114	271
114	644
114	703
114	755
114	892
115	596
115	685
115	712
115	941
115	977
116	241
116	391
116	834
116	941
116	950
117	649
117	723
117	726
117	907
117	982
118	521
118	606
118	613
118	788
118	975
119	42
119	88
119	539
119	784
119	916
120	106
120	254
120	394
120	697
120	951
121	530
121	654
121	870
121	897
121	940
122	248
122	738
122	826
122	842
122	951
123	610
123	874
123	883
123	935
123	944
124	48
124	314
124	729
124	745
124	809
125	302
125	445
125	763
125	952
125	959
126	401
126	686
126	748
126	832
126	850
127	13
127	488
127	542
127	647
127	945
128	340
128	480
128	581
128	789
128	956
129	865
129	869
129	889
129	950
129	954
130	415
130	686
130	796
130	925
130	987
131	211
131	309
131	451
131	945
131	986
132	162
132	190
132	589
132	767
132	852
133	334
133	745
133	779
133	869
133	978
134	250
134	306
134	587
134	840
134	954
135	566
135	781
135	802
135	846
135	918
136	226
136	518
136	693
136	976
136	992
137	335
137	498
137	580
137	632
137	767
138	169
138	517
138	806
138	885
138	978
139	709
139	833
139	844
139	909
139	988
140	204
140	231
140	292
140	856
140	978
141	316
141	821
141	870
141	898
141	976
142	731
142	885
142	893
142	902
142	940
143	246
143	461
143	550
143	730
143	874
144	145
144	595
144	684
144	970
144	990
145	144
145	564
145	913
145	983
145	995
146	59
146	614
146	811
146	923
146	986
147	50
147	248
147	343
147	844
147	953
148	349
148	656
148	665
148	857
148	981
149	255
149	307
149	550
149	650
149	959
150	319
150	430
150	575
150	816
150	905
151	636
151	900
151	946
151	982
151	996
152	186
152	542
152	627
152	868
152	980
153	262
153	274
153	381
153	787
153	909
154	52
154	497
154	719
154	870
154	940
155	701
155	729
155	741
155	856
155	996
156	543
156	606
156	707
156	725
156	968
157	90
157	410
157	414
157	639
157	834
158	104
158	591
158	647
158	985
158	999
159	682
159	876
159	885
159	927
159	990
160	552
160	601
160	840
160	844
160	882
161	245
161	249
161	907
161	908
161	969
162	80
162	132
162	505
162	805
162	958
163	540
163	699
163	779
163	866
163	962
164	178
164	752
164	850
164	902
164	919
165	180
165	280
165	478
165	651
165	881
166	234
166	414
166	837
166	865
166	900
167	456
167	465
167	816
167	909
167	998
168	405
168	588
168	771
168	898
168	981
169	138
169	407
169	442
169	462
169	610
170	535
170	581
170	715
170	817
170	929
171	598
171	607
171	686
171	780
171	841
172	266
172	676
172	778
172	865
172	910
173	347
173	565
173	814
173	962
173	964
174	422
174	718
174	809
174	849
174	987
175	507
175	707
175	905
175	939
175	989
176	685
176	805
176	887
176	962
176	999
177	180
177	388
177	637
177	843
177	873
178	91
178	164
178	850
178	911
178	963
179	188
179	243
179	431
179	914
179	943
180	165
180	177
180	464
180	599
180	880
181	501
181	585
181	758
181	839
181	842
182	251
182	278
182	314
182	504
182	851
183	579
183	639
183	912
183	935
183	966
184	91
184	412
184	522
184	978
184	1000
185	374
185	650
185	718
185	806
185	997
186	152
186	243
186	874
186	943
186	950
187	491
187	632
187	946
187	957
187	983
188	179
188	491
188	731
188	941
188	954
189	299
189	485
189	794
189	924
189	1000
190	132
190	384
190	476
190	859
190	922
191	229
191	535
191	688
191	877
191	951
192	102
192	103
192	300
192	759
192	914
193	73
193	651
193	831
193	918
193	961
194	324
194	446
194	652
194	668
194	738
195	635
195	712
195	907
195	969
195	999
196	321
196	541
196	600
196	715
196	939
197	771
197	833
197	877
197	951
197	980
198	88
198	340
198	412
198	547
198	892
199	651
199	883
199	935
199	946
199	964
200	320
200	700
200	704
200	799
200	954
201	107
201	589
201	785
201	949
201	959
202	271
202	383
202	523
202	830
202	891
203	243
203	722
203	740
203	847
203	980
204	140
204	320
204	656
204	930
204	957
205	916
205	922
205	933
205	934
205	956
206	507
206	796
206	821
206	913
206	916
207	662
207	791
207	870
207	940
207	955
208	426
208	449
208	619
208	917
208	950
209	235
209	359
209	723
209	893
209	980
210	634
210	661
210	836
210	849
210	945
211	131
211	421
211	753
211	874
211	963
212	20
212	503
212	911
212	915
212	990
213	330
213	508
213	517
213	746
213	927
214	387
214	790
214	837
214	931
214	952
215	111
215	242
215	349
215	386
215	620
216	16
216	630
216	897
216	920
216	982
217	309
217	722
217	769
217	880
217	979
218	63
218	345
218	669
218	889
218	925
219	318
219	696
219	795
219	936
219	972
220	423
220	487
220	739
220	793
220	964
221	44
221	277
221	306
221	875
221	983
222	557
222	779
222	903
222	911
222	941
223	284
223	314
223	451
223	978
223	1000
224	348
224	408
224	821
224	872
224	908
225	763
225	769
225	844
225	926
225	930
226	102
226	136
226	537
226	692
226	970
227	46
227	233
227	282
227	298
227	742
228	653
228	819
228	824
228	899
228	967
229	191
229	465
229	577
229	655
229	807
230	539
230	641
230	765
230	787
230	868
231	26
231	140
231	284
231	627
231	950
232	651
232	783
232	787
232	871
232	954
233	227
233	633
233	768
233	847
233	865
234	166
234	737
234	846
234	891
234	985
235	64
235	209
235	618
235	839
235	956
236	674
236	904
236	929
236	956
236	958
237	92
237	397
237	535
237	649
237	945
238	23
238	357
238	619
238	916
238	995
239	827
239	868
239	942
239	945
239	972
240	347
240	661
240	728
240	774
240	835
240	850
241	116
241	270
241	438
241	892
241	965
241	986
242	215
242	247
242	419
242	484
242	488
242	500
243	179
243	186
243	203
243	370
243	757
243	980
244	567
244	692
244	882
244	883
244	895
244	935
245	161
245	753
245	853
245	963
245	965
245	966
246	143
246	253
246	312
246	568
246	801
246	935
247	242
247	435
247	726
247	789
247	934
247	942
248	122
248	147
248	561
248	668
248	731
248	962
249	161
249	563
249	676
249	705
249	977
249	983
250	134
250	406
250	448
250	492
250	525
250	745
251	182
251	781
251	864
251	912
251	963
251	985
252	273
252	308
252	415
252	668
252	700
252	796
253	246
253	342
253	794
253	801
253	856
253	858
254	120
254	694
254	717
254	804
254	878
254	955
255	149
255	280
255	333
255	360
255	459
255	731
256	271
256	733
256	749
256	773
256	883
256	935
257	598
257	638
257	654
257	785
257	910
257	952
258	782
258	840
258	851
258	901
258	962
258	965
259	379
259	506
259	514
259	747
259	957
259	994
260	7
260	396
260	435
260	859
260	932
260	998
261	35
261	328
261	608
261	696
261	905
261	927
262	153
262	616
262	791
262	820
262	897
262	954
263	299
263	661
263	799
263	856
263	925
263	986
264	443
264	514
264	721
264	807
264	838
264	977
265	93
265	290
265	433
265	582
265	658
265	832
266	172
266	387
266	408
266	519
266	850
266	902
267	49
267	569
267	771
267	858
267	882
267	961
268	526
268	777
268	935
268	952
268	980
268	989
269	3
269	535
269	668
269	706
269	955
269	956
270	41
270	241
270	324
270	819
270	972
270	988
271	114
271	202
271	256
271	907
271	935
271	970
272	608
272	627
272	793
272	929
272	935
272	973
273	252
273	388
273	706
273	906
273	908
273	993
274	153
274	347
274	424
274	568
274	941
274	954
275	495
275	829
275	830
275	842
275	989
275	990
276	427
276	511
276	842
276	908
276	911
276	979
277	221
277	795
277	812
277	943
277	967
277	985
278	182
278	307
278	337
278	419
278	515
278	979
279	37
279	318
279	361
279	504
279	735
279	851
280	165
280	255
280	599
280	686
280	750
280	921
281	379
281	638
281	698
281	772
281	829
281	992
282	227
282	544
282	636
282	775
282	847
282	917
283	49
283	630
283	656
283	821
283	874
283	935
284	223
284	231
284	320
284	697
284	845
284	908
285	452
285	455
285	612
285	782
285	815
285	962
286	353
286	538
286	687
286	752
286	826
286	959
287	31
287	499
287	634
287	879
287	902
287	929
288	16
288	86
288	356
288	364
288	608
288	983
289	25
289	377
289	458
289	460
289	657
289	824
290	265
290	417
290	717
290	818
290	826
290	836
291	382
291	420
291	442
291	524
291	615
291	708
292	140
292	402
292	638
292	846
292	928
292	991
293	337
293	515
293	605
293	740
293	926
293	955
294	668
294	873
294	928
294	935
294	963
294	991
295	454
295	608
295	611
295	623
295	810
295	950
296	416
296	793
296	830
296	847
296	967
296	980
297	436
297	510
297	884
297	919
297	933
297	939
298	227
298	778
298	788
298	791
298	929
298	994
299	189
299	263
299	391
299	509
299	635
299	742
300	58
300	109
300	192
300	463
300	532
300	642
301	489
301	649
301	777
301	787
301	822
301	925
302	125
302	784
302	818
302	852
302	873
302	993
303	370
303	610
303	613
303	772
303	781
303	957
304	37
304	436
304	791
304	844
304	870
304	916
305	109
305	605
305	646
305	756
305	914
305	967
306	134
306	221
306	681
306	864
306	968
306	969
307	149
307	278
307	338
307	430
307	727
307	866
308	252
308	362
308	539
308	727
308	796
308	861
309	131
309	217
309	900
309	914
309	959
309	963
310	466
310	683
310	730
310	848
310	943
310	964
311	426
311	806
311	827
311	859
311	887
311	996
312	49
312	246
312	699
312	807
312	923
312	985
313	108
313	559
313	567
313	928
313	975
313	998
314	124
314	182
314	223
314	549
314	592
314	984
315	372
315	410
315	445
315	463
315	565
315	841
316	141
316	723
316	748
316	762
316	955
316	988
317	56
317	443
317	715
317	802
317	846
317	891
318	219
318	279
318	612
318	678
318	919
318	975
319	150
319	627
319	694
319	713
319	720
319	961
320	200
320	204
320	284
320	726
320	758
320	840
321	17
321	196
321	628
321	655
321	753
321	766
322	52
322	445
322	489
322	565
322	866
322	876
323	477
323	724
323	780
323	880
323	939
323	979
324	194
324	270
324	335
324	398
324	897
324	973
325	398
325	633
325	775
325	820
325	848
325	894
326	445
326	530
326	839
326	898
326	940
326	949
327	23
327	404
327	516
327	641
327	763
327	878
328	261
328	472
328	586
328	587
328	698
328	968
329	527
329	540
329	664
329	751
329	760
329	785
330	213
330	706
330	749
330	752
330	848
330	914
331	579
331	639
331	649
331	922
331	958
331	998
332	490
332	796
332	828
332	934
332	942
332	985
333	20
333	255
333	400
333	648
333	950
333	994
334	133
334	470
334	613
334	836
334	857
334	860
335	137
335	324
335	549
335	558
335	597
335	993
336	76
336	471
336	700
336	735
336	746
336	766
337	278
337	293
337	740
337	861
337	883
337	945
338	307
338	694
338	727
338	839
338	863
338	885
339	358
339	447
339	515
339	767
339	846
339	891
340	128
340	198
340	357
340	454
340	476
340	906
341	597
341	611
341	622
341	698
341	771
341	960
342	253
342	382
342	564
342	695
342	841
342	938
343	147
343	469
343	708
343	821
343	822
343	880
344	38
344	58
344	593
344	642
344	923
344	1000
345	218
345	525
345	860
345	887
345	934
345	991
346	429
346	742
346	844
346	862
346	911
346	983
347	173
347	240
347	274
347	364
347	703
347	814
348	55
348	224
348	732
348	802
348	846
348	891
349	148
349	215
349	698
349	737
349	768
349	960
350	543
350	612
350	675
350	693
350	903
350	926
351	704
351	754
351	857
351	882
351	935
351	1000
352	649
352	860
352	909
352	928
352	982
352	991
353	85
353	286
353	530
353	826
353	893
353	956
354	368
354	784
354	801
354	978
354	995
354	1000
355	54
355	582
355	910
355	917
355	981
355	988
356	1
356	15
356	288
356	364
356	427
356	609
357	238
357	340
357	454
357	514
357	617
357	739
358	339
358	594
358	601
358	619
358	815
358	928
359	209
359	702
359	855
359	883
359	949
359	968
360	255
360	434
360	687
360	817
360	823
360	922
361	279
361	545
361	748
361	837
361	888
361	923
362	308
362	666
362	705
362	923
362	963
362	984
363	636
363	695
363	839
363	914
363	992
363	998
364	288
364	347
364	356
364	575
364	891
364	969
365	478
365	737
365	768
365	847
365	857
365	941
366	655
366	688
366	715
366	758
366	767
366	967
367	427
367	588
367	709
367	753
367	770
367	986
368	354
368	585
368	890
368	893
368	910
368	926
369	57
369	442
369	509
369	565
369	642
369	851
370	243
370	303
370	638
370	772
370	901
370	906
371	407
371	517
371	555
371	664
371	746
371	814
372	65
372	315
372	402
372	404
372	540
372	987
373	534
373	617
373	691
373	783
373	834
373	983
374	39
374	185
374	648
374	826
374	869
374	996
375	469
375	543
375	573
375	830
375	856
375	979
376	71
376	406
376	564
376	689
376	763
376	983
377	289
377	391
377	781
377	897
377	909
377	920
378	604
378	642
378	817
378	881
378	920
378	930
379	59
379	259
379	281
379	609
379	801
379	871
380	111
380	494
380	717
380	755
380	924
380	964
380	968
381	67
381	153
381	463
381	790
381	827
381	936
381	983
382	291
382	342
382	683
382	777
382	782
382	805
382	834
383	202
383	475
383	761
383	830
383	931
383	943
383	969
384	19
384	190
384	518
384	747
384	851
384	927
384	973
385	39
385	53
385	853
385	968
385	978
385	979
385	1000
386	108
386	215
386	419
386	624
386	684
386	854
386	958
387	214
387	266
387	428
387	511
387	578
387	761
387	850
388	177
388	273
388	615
388	656
388	900
388	930
388	988
389	32
389	512
389	655
389	783
389	788
389	868
389	873
390	438
390	579
390	754
390	795
390	900
390	936
390	997
391	116
391	299
391	377
391	495
391	522
391	943
391	946
392	441
392	576
392	675
392	771
392	865
392	955
392	988
393	480
393	528
393	713
393	802
393	852
393	923
393	984
394	120
394	566
394	599
394	779
394	894
394	975
394	995
395	416
395	546
395	813
395	827
395	861
395	944
395	969
396	101
396	260
396	527
396	648
396	858
396	961
396	980
397	237
397	405
397	623
397	706
397	718
397	884
397	974
398	324
398	325
398	557
398	771
398	931
398	950
398	999
399	404
399	663
399	736
399	795
399	807
399	872
399	936
400	333
400	403
400	638
400	803
400	932
400	950
400	954
401	126
401	536
401	662
401	685
401	735
401	814
401	943
402	292
402	372
402	816
402	847
402	904
402	992
402	997
403	32
403	400
403	454
403	695
403	716
403	845
403	966
404	327
404	372
404	399
404	452
404	595
404	815
404	842
405	168
405	397
405	556
405	665
405	706
405	912
405	927
406	250
406	376
406	706
406	860
406	900
406	937
406	963
407	169
407	371
407	679
407	746
407	810
407	952
407	996
408	224
408	266
408	533
408	912
408	939
408	985
408	997
409	600
409	790
409	863
409	897
409	932
409	949
409	966
410	52
410	157
410	315
410	565
410	691
410	896
410	971
411	5
411	456
411	626
411	639
411	813
411	969
411	1000
412	184
412	198
412	849
412	957
412	981
412	985
412	996
413	426
413	444
413	570
413	658
413	823
413	944
413	982
414	157
414	166
414	469
414	594
414	812
414	971
414	994
415	86
415	130
415	252
415	453
415	787
415	796
415	849
416	25
416	296
416	395
416	624
416	762
416	859
416	998
417	290
417	793
417	849
417	913
417	916
417	949
417	994
418	655
418	666
418	749
418	797
418	933
418	986
418	996
419	17
419	108
419	242
419	278
419	386
419	914
419	993
420	291
420	473
420	834
420	868
420	873
420	887
420	898
421	31
421	211
421	579
421	656
421	973
421	977
421	984
422	174
422	426
422	625
422	776
422	820
422	824
422	912
423	220
423	596
423	620
423	776
423	794
423	886
423	889
424	274
424	614
424	662
424	698
424	736
424	809
424	968
425	9
425	551
425	744
425	783
425	873
425	944
425	990
426	208
426	311
426	413
426	422
426	690
426	807
426	967
427	276
427	356
427	367
427	493
427	588
427	709
427	832
428	30
428	387
428	711
428	849
428	850
428	853
428	959
429	346
429	469
429	659
429	863
429	894
429	931
429	969
430	150
430	307
430	443
430	688
430	978
430	992
430	1000
431	81
431	179
431	497
431	645
431	771
431	840
431	862
432	44
432	530
432	534
432	699
432	741
432	983
432	984
433	11
433	265
433	658
433	804
433	851
433	960
433	975
434	360
434	460
434	852
434	910
434	915
434	919
434	994
435	247
435	260
435	540
435	825
435	870
435	926
435	946
436	2
436	297
436	304
436	736
436	936
436	955
436	975
437	9
437	471
437	528
437	627
437	757
437	976
437	981
438	241
438	390
438	541
438	577
438	633
438	792
438	936
439	50
439	59
439	451
439	463
439	766
439	938
439	945
440	26
440	678
440	862
440	900
440	927
440	941
440	949
441	54
441	392
441	600
441	723
441	838
441	887
441	988
442	169
442	291
442	369
442	446
442	606
442	851
442	997
443	264
443	317
443	430
443	663
443	720
443	944
443	956
444	14
444	413
444	721
444	756
444	766
444	890
444	893
445	125
445	315
445	322
445	326
445	684
445	761
445	938
446	194
446	442
446	696
446	718
446	904
446	942
446	987
447	339
447	562
447	575
447	585
447	620
447	680
447	968
448	250
448	539
448	728
448	869
448	884
448	911
448	915
449	208
449	456
449	562
449	568
449	857
449	966
449	994
450	509
450	524
450	904
450	944
450	958
450	987
450	989
451	131
451	223
451	439
451	536
451	788
451	814
451	898
452	285
452	404
452	559
452	815
452	842
452	883
452	943
453	43
453	415
453	750
453	763
453	892
453	896
453	901
454	295
454	340
454	357
454	403
454	545
454	617
454	797
455	285
455	487
455	602
455	676
455	772
455	792
455	896
456	89
456	167
456	411
456	449
456	664
456	722
456	917
457	112
457	466
457	589
457	796
457	803
457	860
457	976
458	289
458	459
458	468
458	495
458	657
458	752
458	951
459	70
459	255
459	458
459	878
459	888
459	904
459	997
460	289
460	434
460	590
460	664
460	852
460	977
460	980
461	143
461	601
461	730
461	737
461	760
461	868
461	912
462	169
462	481
462	533
462	786
462	837
462	869
462	871
463	87
463	300
463	315
463	381
463	439
463	682
463	804
464	92
464	97
464	180
464	681
464	690
464	720
464	924
465	167
465	229
465	681
465	725
465	889
465	956
465	973
466	310
466	457
466	635
466	815
466	824
466	906
466	979
467	533
467	619
467	828
467	830
467	962
467	972
467	980
468	458
468	635
468	867
468	887
468	941
468	950
468	954
469	41
469	343
469	375
469	414
469	429
469	843
469	880
470	11
470	334
470	596
470	865
470	877
470	891
470	967
471	29
471	71
471	336
471	437
471	805
471	922
471	987
472	15
472	328
472	602
472	604
472	826
472	836
472	881
473	420
473	755
473	828
473	837
473	868
473	873
473	908
474	597
474	679
474	737
474	744
474	837
474	859
474	945
475	79
475	383
475	638
475	717
475	748
475	772
475	991
476	190
476	340
476	584
476	691
476	708
476	843
476	998
477	323
477	775
477	886
477	908
477	980
477	990
477	991
478	165
478	365
478	613
478	651
478	694
478	912
478	984
479	4
479	553
479	886
479	888
479	895
479	933
479	939
480	43
480	128
480	393
480	499
480	784
480	841
480	943
481	104
481	462
481	555
481	765
481	860
481	923
481	941
482	757
482	843
482	849
482	889
482	933
482	945
482	994
483	14
483	527
483	631
483	730
483	760
483	880
483	936
483	988
484	242
484	495
484	537
484	664
484	737
484	882
484	893
484	917
485	189
485	611
485	654
485	877
485	908
485	948
485	950
485	998
486	613
486	616
486	659
486	837
486	864
486	941
486	950
486	954
487	220
487	455
487	498
487	666
487	761
487	873
487	883
487	967
488	127
488	242
488	615
488	693
488	884
488	906
488	952
488	993
489	301
489	322
489	783
489	794
489	868
489	910
489	944
489	983
490	332
490	590
490	618
490	694
490	786
490	857
490	861
490	930
491	187
491	188
491	502
491	644
491	685
491	705
491	891
491	983
492	250
492	548
492	639
492	683
492	744
492	784
492	898
492	968
493	40
493	427
493	614
493	641
493	824
493	858
493	979
493	982
494	380
494	570
494	596
494	633
494	732
494	823
494	881
494	995
495	275
495	391
495	458
495	484
495	632
495	655
495	657
495	677
496	572
496	688
496	715
496	764
496	796
496	806
496	978
496	1000
497	154
497	431
497	542
497	847
497	927
497	930
497	931
497	979
498	137
498	487
498	514
498	608
498	767
498	894
498	927
498	973
499	287
499	480
499	632
499	728
499	872
499	914
499	920
499	997
500	3
500	51
500	242
500	646
500	734
500	810
500	831
500	961
501	181
501	668
501	764
501	815
501	842
501	938
501	946
501	968
502	491
502	538
502	551
502	564
502	705
502	797
502	942
502	983
503	212
503	586
503	728
503	774
503	806
503	835
503	904
503	929
504	74
504	182
504	279
504	610
504	812
504	851
504	903
504	905
505	68
505	162
505	577
505	763
505	843
505	882
505	998
505	1000
506	102
506	259
506	718
506	828
506	836
506	872
506	924
506	987
507	175
507	206
507	526
507	682
507	761
507	810
507	862
507	950
508	213
508	775
508	785
508	868
508	869
508	949
508	964
508	993
509	99
509	299
509	369
509	450
509	657
509	679
509	703
509	710
510	297
510	541
510	616
510	653
510	698
510	941
510	978
510	1000
511	276
511	387
511	763
511	900
511	913
511	921
511	932
511	949
512	78
512	389
512	661
512	778
512	817
512	883
512	888
512	929
513	58
513	574
513	645
513	804
513	825
513	874
513	919
513	929
514	259
514	264
514	357
514	498
514	574
514	631
514	798
514	901
515	61
515	90
515	278
515	293
515	339
515	727
515	759
515	995
516	57
516	327
516	578
516	615
516	670
516	788
516	945
516	947
517	138
517	213
517	371
517	524
517	746
517	759
517	803
517	816
518	136
518	384
518	586
518	672
518	744
518	784
518	882
518	903
519	266
519	654
519	738
519	770
519	785
519	855
519	972
519	993
520	672
520	700
520	812
520	841
520	882
520	909
520	923
520	936
521	26
521	62
521	118
521	613
521	674
521	777
521	880
521	976
522	184
522	391
522	685
522	838
522	924
522	974
522	996
522	998
523	202
523	713
523	742
523	761
523	802
523	927
523	967
523	997
524	110
524	291
524	450
524	517
524	735
524	901
524	962
524	987
525	71
525	250
525	345
525	593
525	667
525	696
525	838
525	867
526	268
526	507
526	569
526	623
526	695
526	892
526	901
526	938
527	82
527	94
527	329
527	396
527	483
527	658
527	765
527	980
528	46
528	393
528	437
528	556
528	747
528	832
528	852
528	899
529	2
529	103
529	832
529	960
529	962
529	975
529	995
529	999
530	121
530	326
530	353
530	432
530	532
530	541
530	563
530	983
531	74
531	642
531	710
531	719
531	730
531	864
531	976
531	979
532	300
532	530
532	778
532	791
532	793
532	888
532	895
532	929
533	408
533	462
533	467
533	545
533	721
533	827
533	945
533	957
534	373
534	432
534	563
534	697
534	742
534	788
534	848
534	957
535	170
535	191
535	237
535	269
535	606
535	665
535	854
535	894
536	401
536	451
536	709
536	736
536	774
536	795
536	853
536	936
537	103
537	226
537	484
537	757
537	869
537	909
537	933
537	946
538	8
538	286
538	502
538	736
538	801
538	818
538	836
538	860
539	119
539	230
539	308
539	448
539	740
539	829
539	979
539	992
540	163
540	329
540	372
540	435
540	730
540	760
540	855
540	998
541	196
541	438
541	510
541	530
541	969
541	978
541	980
541	1000
542	20
542	45
542	127
542	152
542	497
542	840
542	980
542	990
543	108
543	156
543	350
543	375
543	563
543	911
543	979
543	996
544	282
544	558
544	671
544	722
544	834
544	912
544	936
544	978
545	72
545	98
545	361
545	454
545	533
545	700
545	704
545	918
546	4
546	395
546	619
546	632
546	910
546	958
546	991
546	997
547	3
547	18
547	198
547	562
547	877
547	899
547	994
547	999
548	492
548	658
548	796
548	812
548	897
548	930
548	932
548	943
549	314
549	335
549	693
549	757
549	833
549	897
549	903
549	967
550	143
550	149
550	731
550	867
550	888
550	910
550	942
550	959
551	425
551	502
551	581
551	616
551	828
551	939
551	953
551	976
552	160
552	628
552	708
552	902
552	960
552	961
552	985
552	998
553	479
553	683
553	861
553	895
553	921
553	965
553	984
553	985
554	95
554	669
554	802
554	815
554	846
554	891
554	897
554	915
555	371
555	481
555	628
555	708
555	765
555	826
555	835
555	900
555	963
556	47
556	405
556	528
556	684
556	686
556	734
556	747
556	753
556	814
557	222
557	398
557	725
557	769
557	792
557	825
557	971
557	994
557	996
558	335
558	544
558	618
558	671
558	707
558	722
558	749
558	847
558	985
559	313
559	452
559	600
559	756
559	884
559	918
559	936
559	966
559	978
560	55
560	96
560	650
560	714
560	772
560	876
560	953
560	973
560	997
561	248
561	643
561	669
561	772
561	827
561	847
561	890
561	893
561	959
562	447
562	449
562	547
562	691
562	749
562	776
562	840
562	906
562	969
563	249
563	530
563	534
563	543
563	716
563	742
563	798
563	901
563	988
564	145
564	342
564	376
564	502
564	739
564	838
564	911
564	916
564	983
565	173
565	315
565	322
565	369
565	410
565	690
565	789
565	878
565	962
566	135
566	394
566	758
566	779
566	892
566	905
566	919
566	965
566	966
567	244
567	313
567	629
567	729
567	799
567	829
567	866
567	874
567	998
568	54
568	246
568	274
568	449
568	794
568	801
568	924
568	970
568	998
569	90
569	267
569	526
569	592
569	605
569	789
569	881
569	920
569	988
570	413
570	494
570	674
570	690
570	825
570	940
570	942
570	956
570	981
571	601
571	608
571	696
571	735
571	776
571	810
571	927
571	931
571	947
572	41
572	69
572	76
572	496
572	579
572	604
572	641
572	873
572	922
573	3
573	375
573	592
573	745
573	897
573	936
573	953
573	965
573	992
574	513
574	514
574	577
574	667
574	704
574	859
574	874
574	937
574	998
575	150
575	364
575	447
575	806
575	842
575	862
575	878
575	927
575	931
576	392
576	857
576	895
576	899
576	924
576	957
576	966
576	971
576	996
577	229
577	438
577	505
577	574
577	584
577	772
577	843
577	875
577	937
578	387
578	516
578	581
578	691
578	723
578	757
578	767
578	831
578	880
579	79
579	183
579	331
579	390
579	421
579	572
579	639
579	691
579	782
580	137
580	587
580	705
580	764
580	783
580	819
580	822
580	912
580	983
581	128
581	170
581	551
581	578
581	926
581	939
581	943
581	957
581	973
582	22
582	265
582	355
582	802
582	835
582	873
582	903
582	982
582	983
583	50
583	595
583	662
583	674
583	807
583	809
583	814
583	960
583	988
584	67
584	476
584	577
584	655
584	789
584	793
584	843
584	949
584	951
585	181
585	368
585	447
585	630
585	692
585	696
585	849
585	947
585	962
586	328
586	503
586	518
586	728
586	774
586	822
586	835
586	870
586	963
587	75
587	134
587	328
587	580
587	910
587	912
587	977
587	984
587	985
588	61
588	113
588	168
588	367
588	427
588	882
588	910
588	916
588	966
589	132
589	201
589	457
589	701
589	867
589	885
589	950
589	964
589	967
590	460
590	490
590	625
590	640
590	664
590	681
590	682
590	786
590	821
591	13
591	90
591	158
591	631
591	647
591	746
591	879
591	901
591	981
592	314
592	569
592	573
592	653
592	719
592	745
592	792
592	922
592	961
593	344
593	525
593	689
593	720
593	799
593	801
593	809
593	891
593	981
594	100
594	358
594	414
594	741
594	826
594	885
594	889
594	900
594	948
595	71
595	144
595	404
595	583
595	601
595	662
595	706
595	814
595	932
596	44
596	115
596	423
596	470
596	494
596	657
596	698
596	778
596	968
597	335
597	341
597	474
597	675
597	795
597	810
597	819
597	909
597	941
598	89
598	171
598	257
598	686
598	731
598	748
598	815
598	918
598	994
599	35
599	180
599	280
599	394
599	617
599	636
599	944
599	973
599	976
600	62
600	196
600	409
600	441
600	559
600	904
600	916
600	921
600	967
601	97
601	160
601	358
601	461
601	571
601	595
601	619
601	758
601	813
602	455
602	472
602	751
602	807
602	864
602	885
602	930
602	940
602	969
603	105
603	646
603	675
603	720
603	757
603	882
603	918
603	961
603	977
604	59
604	378
604	472
604	572
604	653
604	818
604	836
604	892
604	926
605	60
605	293
605	305
605	569
605	803
605	806
605	842
605	925
605	977
606	27
606	118
606	156
606	442
606	535
606	858
606	885
606	918
606	961
607	9
607	10
607	40
607	171
607	673
607	745
607	922
607	943
607	975
608	261
608	272
608	288
608	295
608	498
608	571
608	736
608	790
608	973
609	356
609	379
609	682
609	689
609	730
609	743
609	827
609	930
609	932
610	123
610	169
610	303
610	504
610	641
610	762
610	825
610	851
610	971
611	295
611	341
611	485
611	643
611	852
611	877
611	902
611	948
611	978
612	46
612	285
612	318
612	350
612	729
612	815
612	842
612	846
612	981
613	26
613	118
613	303
613	334
613	478
613	486
613	521
613	716
613	969
614	3
614	69
614	146
614	424
614	493
614	767
614	867
614	892
614	992
615	1
615	291
615	388
615	488
615	516
615	643
615	697
615	947
615	970
616	262
616	486
616	510
616	551
616	758
616	907
616	941
616	950
616	980
617	88
617	99
617	357
617	373
617	454
617	599
617	663
617	742
617	928
618	89
618	235
618	490
618	558
618	691
618	764
618	767
618	813
618	831
619	97
619	208
619	238
619	358
619	467
619	546
619	601
619	896
619	912
620	215
620	423
620	447
620	812
620	840
620	876
620	940
620	968
620	991
621	111
621	641
621	740
621	850
621	883
621	904
621	923
621	935
621	989
622	341
622	692
622	810
622	857
622	927
622	931
622	951
622	957
622	967
623	295
623	397
623	526
623	682
623	765
623	809
623	876
623	883
623	949
624	386
624	416
624	630
624	664
624	800
624	829
624	944
624	990
624	998
625	111
625	422
625	590
625	669
625	680
625	792
625	890
625	902
625	968
626	411
626	652
626	678
626	707
626	785
626	861
626	863
626	951
626	955
626	969
627	62
627	152
627	231
627	272
627	319
627	437
627	714
627	782
627	953
627	973
628	321
628	552
628	555
628	732
628	833
628	921
628	953
628	961
628	973
628	981
629	567
629	676
629	773
629	809
629	810
629	881
629	930
629	955
629	988
629	989
630	54
630	216
630	283
630	585
630	624
630	719
630	816
630	859
630	874
630	919
631	483
631	514
631	591
631	866
631	909
631	925
631	969
631	979
631	994
631	996
632	5
632	137
632	187
632	495
632	499
632	546
632	780
632	872
632	882
632	986
633	233
633	325
633	438
633	494
633	720
633	732
633	811
633	856
633	948
633	993
634	44
634	210
634	287
634	661
634	677
634	805
634	835
634	903
634	933
634	981
635	195
635	299
635	466
635	468
635	883
635	896
635	906
635	912
635	952
635	985
636	151
636	282
636	363
636	599
636	813
636	862
636	894
636	960
636	975
636	995
637	56
637	68
637	79
637	94
637	96
637	177
637	645
637	655
637	666
637	772
638	257
638	281
638	292
638	370
638	400
638	475
638	755
638	772
638	990
638	992
639	79
639	157
639	183
639	331
639	411
639	492
639	579
639	700
639	849
639	974
640	590
640	830
640	877
640	951
640	953
640	972
640	977
640	978
640	989
640	990
641	10
641	230
641	327
641	493
641	572
641	610
641	621
641	743
641	922
641	927
642	58
642	102
642	300
642	344
642	369
642	378
642	531
642	839
642	857
642	865
643	561
643	611
643	615
643	734
643	743
643	804
643	854
643	865
643	899
643	959
644	114
644	491
644	793
644	830
644	849
644	914
644	944
644	971
644	990
644	996
645	80
645	431
645	513
645	637
645	792
645	816
645	829
645	874
645	958
645	966
646	305
646	500
646	603
646	679
646	728
646	754
646	861
646	882
646	916
646	917
647	13
647	21
647	127
647	158
647	591
647	672
647	678
647	743
647	904
647	989
648	87
648	333
648	374
648	396
648	658
648	820
648	897
648	931
648	940
648	982
649	117
649	237
649	301
649	331
649	352
649	892
649	914
649	966
649	986
649	990
650	149
650	185
650	560
650	731
650	759
650	827
650	871
650	887
650	974
650	977
651	165
651	193
651	199
651	232
651	478
651	666
651	670
651	764
651	984
651	985
652	194
652	626
652	729
652	805
652	897
652	925
652	953
652	974
652	977
652	987
653	228
653	510
653	592
653	604
653	693
653	767
653	809
653	880
653	911
653	915
654	121
654	257
654	485
654	519
654	843
654	909
654	942
654	964
654	974
654	993
655	229
655	321
655	366
655	389
655	418
655	495
655	584
655	637
655	843
655	942
656	47
656	148
656	204
656	283
656	388
656	421
656	725
656	853
656	929
656	939
657	99
657	289
657	458
657	495
657	509
657	596
657	670
657	766
657	858
657	980
658	47
658	92
658	265
658	413
658	433
658	527
658	548
658	648
658	757
658	959
659	18
659	69
659	429
659	486
659	696
659	710
659	855
659	907
659	969
659	980
660	31
660	720
660	721
660	779
660	800
660	875
660	887
660	897
660	903
660	946
661	210
661	240
661	263
661	512
661	634
661	677
661	760
661	805
661	813
661	855
662	1
662	207
662	401
662	424
662	583
662	595
662	703
662	823
662	897
662	934
663	29
663	399
663	443
663	617
663	843
663	871
663	893
663	914
663	946
663	982
664	329
664	371
664	456
664	460
664	484
664	590
664	624
664	716
664	857
664	880
665	76
665	94
665	148
665	405
665	535
665	706
665	709
665	716
665	869
665	989
666	362
666	418
666	487
666	637
666	651
666	854
666	879
666	947
666	960
666	961
667	525
667	574
667	744
667	814
667	832
667	879
667	894
667	943
667	972
667	995
668	194
668	248
668	252
668	269
668	294
668	501
668	694
668	774
668	775
668	848
669	17
669	218
669	554
669	561
669	625
669	739
669	847
669	903
669	961
669	967
670	516
670	651
670	657
670	693
670	777
670	875
670	886
670	905
670	976
670	982
671	544
671	558
671	716
671	722
671	833
671	847
671	865
671	867
671	973
671	976
672	60
672	518
672	520
672	647
672	744
672	757
672	816
672	883
672	943
672	957
673	18
673	607
673	721
673	750
673	915
673	946
673	954
673	965
673	966
673	986
674	56
674	236
674	521
674	570
674	583
674	926
674	934
674	942
674	956
674	993
675	350
675	392
675	597
675	603
675	699
675	738
675	804
675	866
675	952
675	990
676	172
676	249
676	455
676	629
676	680
676	701
676	732
676	811
676	867
676	999
677	15
677	91
677	495
677	634
677	661
677	757
677	805
677	955
677	957
677	998
678	38
678	318
678	440
678	626
678	647
678	820
678	862
678	879
678	933
678	995
679	65
679	85
679	407
679	474
679	509
679	646
679	788
679	829
679	837
679	920
680	107
680	447
680	625
680	676
680	786
680	801
680	862
680	867
680	925
680	974
681	306
681	464
681	465
681	590
681	745
681	768
681	853
681	857
681	913
681	917
682	159
682	463
682	507
682	590
682	609
682	623
682	786
682	876
682	968
682	970
683	310
683	382
683	492
683	553
683	713
683	717
683	838
683	868
683	875
683	912
683	923
684	144
684	386
684	445
684	556
684	824
684	878
684	938
684	962
684	966
684	968
684	982
685	32
685	115
685	176
685	401
685	491
685	522
685	799
685	887
685	934
685	981
685	1000
686	106
686	126
686	130
686	171
686	280
686	556
686	598
686	748
686	749
686	760
686	984
687	286
687	360
687	690
687	886
687	905
687	945
687	948
687	951
687	991
687	994
687	999
688	191
688	366
688	430
688	496
688	715
688	900
688	971
688	978
688	995
688	997
688	1000
689	376
689	593
689	609
689	690
689	717
689	797
689	883
689	924
689	947
689	959
689	977
690	426
690	464
690	565
690	570
690	687
690	689
690	706
690	930
690	934
690	942
690	956
691	373
691	410
691	476
691	562
691	578
691	579
691	618
691	716
691	831
691	906
691	1000
692	42
692	96
692	226
692	244
692	585
692	622
692	861
692	901
692	918
692	938
692	970
693	136
693	350
693	488
693	549
693	653
693	670
693	819
693	889
693	908
693	915
693	979
694	28
694	254
694	319
694	338
694	478
694	490
694	668
694	732
694	795
694	809
694	924
695	63
695	342
695	363
695	403
695	526
695	878
695	947
695	952
695	953
695	962
695	981
696	29
696	219
696	261
696	446
696	525
696	571
696	585
696	659
696	830
696	922
696	931
697	120
697	284
697	534
697	615
697	738
697	775
697	781
697	837
697	848
697	879
697	921
698	281
698	328
698	341
698	349
698	424
698	510
698	596
698	776
698	839
698	964
698	968
699	163
699	312
699	432
699	675
699	759
699	773
699	928
699	929
699	962
699	969
699	989
700	51
700	60
700	200
700	252
700	336
700	520
700	545
700	639
700	704
700	712
700	801
701	21
701	78
701	155
701	589
701	676
701	747
701	792
701	794
701	868
701	958
701	987
702	359
702	781
702	823
702	836
702	855
702	913
702	914
702	921
702	934
702	948
702	949
703	24
703	114
703	347
703	509
703	662
703	759
703	762
703	814
703	824
703	939
703	972
704	60
704	98
704	200
704	351
704	545
704	574
704	700
704	718
704	928
704	935
704	989
705	71
705	78
705	113
705	249
705	362
705	491
705	502
705	580
705	742
705	846
705	999
706	76
706	269
706	273
706	330
706	397
706	405
706	406
706	595
706	665
706	690
706	921
707	156
707	175
707	558
707	626
707	811
707	876
707	926
707	937
707	953
707	973
707	994
708	7
708	291
708	343
708	476
708	552
708	555
708	754
708	858
708	913
708	918
708	990
709	61
709	113
709	139
709	367
709	427
709	536
709	665
709	753
709	756
709	874
709	905
710	59
710	509
710	531
710	659
710	781
710	805
710	809
710	845
710	981
710	982
710	992
711	428
711	780
711	822
711	860
711	928
711	957
711	970
711	982
711	991
711	994
711	997
712	29
712	115
712	195
712	700
712	799
712	842
712	911
712	972
712	980
712	989
712	990
713	319
713	393
713	523
713	683
713	738
713	923
713	928
713	961
713	972
713	984
713	985
714	560
714	627
714	784
714	786
714	910
714	939
714	947
714	956
714	965
714	973
714	986
715	170
715	196
715	317
715	366
715	496
715	688
715	829
715	905
715	950
715	978
715	1000
716	403
716	563
716	613
716	664
716	665
716	671
716	691
716	723
716	738
716	767
716	831
716	978
717	254
717	290
717	380
717	475
717	683
717	689
717	739
717	743
717	876
717	921
717	926
717	989
718	174
718	185
718	397
718	446
718	506
718	704
718	729
718	872
718	927
718	947
718	979
718	991
719	154
719	531
719	592
719	630
719	751
719	804
719	839
719	863
719	864
719	870
719	902
719	940
720	319
720	443
720	464
720	593
720	603
720	633
720	660
720	732
720	754
720	761
720	807
720	850
721	264
721	444
721	533
721	660
721	673
721	746
721	772
721	843
721	914
721	966
721	973
721	986
722	203
722	217
722	456
722	544
722	558
722	671
722	747
722	748
722	807
722	847
722	868
722	942
723	117
723	209
723	316
723	441
723	578
723	716
723	767
723	800
723	821
723	831
723	921
723	985
724	323
724	749
724	788
724	808
724	816
724	834
724	900
724	931
724	933
724	948
724	953
724	963
725	156
725	465
725	557
725	656
725	764
725	784
725	867
725	926
725	931
725	949
725	953
725	961
726	64
726	117
726	247
726	320
726	733
726	779
726	798
726	864
726	871
726	913
726	962
726	972
727	23
727	67
727	76
727	109
727	112
727	307
727	308
727	338
727	515
727	811
727	876
727	877
728	240
728	448
728	499
728	503
728	586
728	646
728	765
728	774
728	835
728	847
728	852
728	967
729	124
729	155
729	567
729	612
729	652
729	718
729	773
729	799
729	865
729	904
729	930
729	974
730	69
730	143
730	310
730	461
730	483
730	531
730	540
730	609
730	760
730	782
730	812
730	995
731	142
731	188
731	248
731	255
731	550
731	598
731	650
731	751
731	800
731	838
731	970
731	977
732	348
732	494
732	628
732	633
732	676
732	694
732	720
732	733
732	743
732	845
732	866
732	917
733	256
733	726
733	732
733	896
733	903
733	952
733	954
733	961
733	964
733	965
733	983
733	993
734	74
734	500
734	556
734	643
734	764
734	837
734	845
734	893
734	910
734	952
734	959
734	993
735	5
735	32
735	279
735	336
735	401
735	524
735	571
735	750
735	779
735	782
735	962
735	983
736	399
736	424
736	436
736	536
736	538
736	608
736	795
736	825
736	887
736	915
736	936
736	984
737	234
737	349
737	365
737	461
737	474
737	484
737	756
737	786
737	818
737	825
737	857
737	874
738	122
738	194
738	519
738	675
738	697
738	713
738	716
738	775
738	848
738	862
738	926
738	953
739	46
739	220
739	357
739	564
739	669
739	717
739	769
739	824
739	850
739	915
739	967
739	986
740	4
740	203
740	293
740	337
740	539
740	621
740	840
740	879
740	883
740	922
740	934
740	935
741	73
741	155
741	432
741	594
741	765
741	808
741	871
741	878
741	900
741	909
741	923
741	928
742	227
742	299
742	346
742	523
742	534
742	563
742	617
742	705
742	843
742	907
742	983
742	1000
743	2
743	36
743	609
743	641
743	643
743	647
743	717
743	732
743	811
743	838
743	876
743	903
744	33
744	105
744	425
744	474
744	492
744	518
744	667
744	672
744	920
744	943
744	961
744	975
745	124
745	133
745	250
745	573
745	592
745	607
745	681
745	785
745	914
745	922
745	942
745	969
745	998
746	213
746	336
746	371
746	407
746	517
746	591
746	721
746	753
746	825
746	856
746	922
746	925
746	939
747	47
747	259
747	384
747	528
747	556
747	701
747	722
747	752
747	769
747	780
747	785
747	852
747	879
748	89
748	126
748	316
748	361
748	475
748	598
748	686
748	722
748	778
748	841
748	858
748	985
748	995
749	256
749	330
749	418
749	558
749	562
749	686
749	724
749	765
749	834
749	853
749	900
749	934
749	967
750	24
750	280
750	453
750	673
750	735
750	813
750	878
750	880
750	947
750	962
750	967
750	976
750	993
751	329
751	602
751	719
751	731
751	857
751	864
751	870
751	872
751	878
751	937
751	940
751	974
751	984
752	70
752	164
752	286
752	330
752	458
752	747
752	758
752	759
752	810
752	839
752	853
752	976
752	992
753	23
753	86
753	211
753	245
753	321
753	367
753	556
753	709
753	746
753	790
753	834
753	853
753	963
754	105
754	351
754	390
754	646
754	708
754	720
754	790
754	792
754	857
754	858
754	917
754	918
754	922
755	114
755	380
755	473
755	638
755	771
755	884
755	919
755	935
755	957
755	958
755	965
755	986
755	991
756	90
756	305
756	444
756	559
756	709
756	737
756	763
756	814
756	845
756	884
756	922
756	924
756	988
757	243
757	437
757	482
757	537
757	549
757	578
757	603
757	658
757	672
757	677
757	869
757	903
757	988
758	85
758	181
758	320
758	366
758	566
758	601
758	616
758	752
758	776
758	813
758	839
758	981
758	992
759	48
759	192
759	515
759	517
759	650
759	699
759	703
759	752
759	781
759	812
759	839
759	898
759	975
760	15
760	94
760	329
760	461
760	483
760	540
760	661
760	686
760	730
760	765
760	860
760	925
760	958
761	19
761	383
761	387
761	445
761	487
761	507
761	523
761	720
761	775
761	810
761	859
761	862
761	959
762	316
762	416
762	610
762	703
762	767
762	793
762	844
762	865
762	890
762	893
762	910
762	959
762	961
763	125
763	225
763	327
763	376
763	453
763	505
763	511
763	756
763	894
763	924
763	947
763	953
763	970
764	53
764	496
764	501
764	580
764	618
764	651
764	725
764	734
764	807
764	809
764	923
764	984
764	985
765	230
765	481
765	527
765	555
765	623
765	728
765	741
765	749
765	760
765	898
765	905
765	937
765	963
766	321
766	336
766	439
766	444
766	657
766	768
766	785
766	819
766	881
766	920
766	930
766	955
766	988
767	132
767	137
767	339
767	366
767	498
767	578
767	614
767	618
767	653
767	716
767	723
767	762
767	831
768	233
768	349
768	365
768	681
768	766
768	786
768	870
768	890
768	894
768	917
768	946
768	967
768	972
769	217
769	225
769	557
769	739
769	747
769	835
769	847
769	909
769	928
769	957
769	959
769	971
769	994
770	16
770	367
770	519
770	778
770	787
770	797
770	807
770	884
770	896
770	908
770	952
770	964
770	993
771	27
771	168
771	197
771	267
771	341
771	392
771	398
771	431
771	755
771	861
771	927
771	931
771	992
772	281
772	303
772	370
772	455
772	475
772	560
772	561
772	577
772	637
772	638
772	721
772	844
772	985
773	256
773	629
773	699
773	729
773	805
773	866
773	919
773	933
773	955
773	972
773	980
773	989
773	993
774	8
774	84
774	240
774	503
774	536
774	586
774	668
774	728
774	792
774	835
774	847
774	949
774	955
774	970
775	282
775	325
775	477
775	508
775	668
775	697
775	738
775	761
775	813
775	815
775	848
775	953
775	993
775	995
776	422
776	423
776	562
776	571
776	698
776	758
776	807
776	840
776	852
776	903
776	919
776	949
776	968
776	980
777	268
777	301
777	382
777	521
777	670
777	820
777	902
777	937
777	948
777	962
777	963
777	966
777	982
777	999
778	172
778	298
778	512
778	532
778	596
778	748
778	770
778	786
778	791
778	817
778	906
778	929
778	993
778	999
779	14
779	133
779	163
779	222
779	394
779	566
779	660
779	726
779	735
779	820
779	844
779	863
779	872
779	1000
780	81
780	171
780	323
780	632
780	711
780	747
780	819
780	877
780	899
780	905
780	951
780	963
780	981
780	999
781	135
781	251
781	303
781	377
781	697
781	702
781	710
781	759
781	839
781	929
781	976
781	979
781	989
781	992
782	25
782	258
782	285
782	382
782	579
782	627
782	730
782	735
782	878
782	883
782	914
782	925
782	965
782	970
783	28
783	232
783	373
783	389
783	425
783	489
783	580
783	787
783	802
783	826
783	873
783	892
783	908
783	999
784	100
784	119
784	302
784	354
784	480
784	492
784	518
784	714
784	725
784	812
784	841
784	863
784	877
784	954
785	201
785	257
785	329
785	508
785	519
785	626
785	745
785	747
785	766
785	833
785	848
785	896
785	964
785	993
786	40
786	462
786	490
786	590
786	680
786	682
786	714
786	737
786	768
786	778
786	846
786	917
786	932
786	977
787	153
787	230
787	232
787	301
787	415
787	770
787	783
787	797
787	848
787	868
787	873
787	931
787	952
787	991
788	118
788	298
788	389
788	451
788	516
788	534
788	679
788	724
788	790
788	815
788	827
788	837
788	939
788	945
789	18
789	81
789	128
789	247
789	565
789	569
789	584
789	806
789	894
789	900
789	934
789	942
789	943
789	956
790	87
790	214
790	381
790	409
790	608
790	753
790	754
790	788
790	795
790	867
790	938
790	945
790	961
790	971
791	38
791	73
791	207
791	262
791	298
791	304
791	532
791	778
791	817
791	874
791	901
791	929
791	947
791	972
792	70
792	438
792	455
792	557
792	592
792	625
792	645
792	701
792	754
792	774
792	856
792	867
792	967
792	974
793	220
793	272
793	296
793	417
793	532
793	584
793	644
793	762
793	798
793	849
793	987
793	991
793	994
793	996
794	99
794	189
794	253
794	423
794	489
794	568
794	701
794	809
794	811
794	819
794	894
794	906
794	949
794	966
795	219
795	277
795	390
795	399
795	536
795	597
795	694
795	736
795	790
795	858
795	887
795	936
795	970
795	978
796	30
796	93
796	112
796	130
796	206
796	252
796	308
796	332
796	415
796	457
796	496
796	548
796	911
796	997
797	69
797	418
797	454
797	502
797	689
797	770
797	787
797	803
797	854
797	888
797	933
797	936
797	960
797	975
798	53
798	93
798	514
798	563
798	726
798	793
798	857
798	863
798	909
798	924
798	940
798	957
798	971
798	994
799	200
799	263
799	567
799	593
799	685
799	712
799	729
799	828
799	885
799	890
799	925
799	947
799	974
799	990
800	624
800	660
800	723
800	731
800	810
800	875
800	880
800	908
800	911
800	915
800	967
800	979
800	987
800	999
801	77
801	246
801	253
801	354
801	379
801	538
801	568
801	593
801	680
801	700
801	854
801	892
801	924
801	936
802	135
802	317
802	348
802	393
802	523
802	554
802	582
802	783
802	846
802	891
802	945
802	949
802	963
802	982
803	400
803	457
803	517
803	605
803	797
803	838
803	856
803	863
803	885
803	913
803	965
803	972
803	974
803	977
804	73
804	254
804	433
804	463
804	513
804	643
804	675
804	719
804	830
804	866
804	893
804	972
804	989
804	990
805	15
805	80
805	162
805	176
805	382
805	471
805	634
805	652
805	661
805	677
805	710
805	773
805	910
805	930
805	964
806	138
806	185
806	311
806	496
806	503
806	575
806	605
806	789
806	885
806	887
806	934
806	944
806	975
806	977
806	991
807	229
807	264
807	312
807	399
807	426
807	583
807	602
807	720
807	722
807	764
807	770
807	776
807	923
807	984
807	985
808	24
808	83
808	100
808	724
808	741
808	834
808	853
808	879
808	910
808	934
808	937
808	951
808	963
808	964
808	973
809	124
809	174
809	424
809	583
809	593
809	623
809	629
809	653
809	694
809	710
809	764
809	794
809	811
809	871
809	876
810	295
810	407
810	500
810	507
810	571
810	597
810	622
810	629
810	752
810	761
810	800
810	904
810	920
810	922
810	986
811	48
811	146
811	633
811	676
811	707
811	727
811	743
811	794
811	809
811	839
811	878
811	924
811	977
811	978
811	992
812	277
812	414
812	504
812	520
812	548
812	620
812	730
812	759
812	784
812	841
812	864
812	943
812	960
812	962
812	996
813	84
813	395
813	411
813	601
813	618
813	636
813	661
813	750
813	758
813	775
813	861
813	863
813	907
813	969
813	999
814	104
814	173
814	347
814	371
814	401
814	451
814	556
814	583
814	595
814	667
814	703
814	756
814	850
814	886
814	984
815	99
815	285
815	358
815	404
815	452
815	466
815	501
815	554
815	598
815	612
815	775
815	788
815	842
815	891
815	945
816	42
816	52
816	150
816	167
816	402
816	517
816	630
816	645
816	672
816	724
816	825
816	859
816	906
816	953
816	998
817	7
817	170
817	360
817	378
817	512
817	778
817	791
817	854
817	859
817	869
817	893
817	912
817	917
817	929
817	996
818	290
818	302
818	538
818	604
818	737
818	826
818	836
818	838
818	842
818	852
818	896
818	909
818	917
818	932
818	937
819	21
819	228
819	270
819	580
819	597
819	693
819	766
819	780
819	794
819	826
819	893
819	920
819	930
819	955
819	988
820	36
820	262
820	325
820	422
820	648
820	678
820	777
820	779
820	821
820	859
820	869
820	871
820	919
820	944
820	982
821	141
821	206
821	224
821	283
821	343
821	590
821	723
821	820
821	853
821	908
821	911
821	915
821	940
821	979
821	988
822	10
822	42
822	78
822	301
822	343
822	580
822	586
822	711
822	823
822	860
822	895
822	928
822	944
822	980
822	991
823	360
823	413
823	494
823	662
823	702
823	822
823	860
823	878
823	928
823	930
823	956
823	963
823	991
824	46
824	70
824	228
824	289
824	422
824	466
824	493
824	684
824	703
824	739
824	826
824	900
824	905
824	967
824	981
825	6
825	435
825	513
825	557
825	570
825	610
825	736
825	737
825	746
825	816
825	829
825	859
825	891
825	922
825	991
826	122
826	286
826	290
826	353
826	374
826	472
826	555
826	594
826	783
826	818
826	819
826	824
826	836
826	979
826	990
827	35
827	65
827	239
827	311
827	381
827	395
827	533
827	561
827	609
827	650
827	788
827	893
827	945
827	964
827	989
828	39
828	332
828	467
828	473
828	506
828	551
828	799
828	846
828	872
828	903
828	920
828	950
828	958
828	987
828	997
829	84
829	108
829	275
829	281
829	539
829	567
829	624
829	645
829	679
829	715
829	825
829	843
829	859
829	949
829	998
830	60
830	202
830	275
830	296
830	375
830	383
830	467
830	640
830	644
830	696
830	804
830	844
830	904
830	980
830	990
831	12
831	58
831	101
831	193
831	500
831	578
831	618
831	691
831	716
831	723
831	767
831	869
831	913
831	928
831	996
832	126
832	265
832	427
832	528
832	529
832	667
832	847
832	880
832	888
832	894
832	902
832	932
832	933
832	983
832	995
833	96
833	139
833	197
833	549
833	628
833	671
833	785
833	844
833	892
833	895
833	926
833	939
833	982
833	984
833	1000
834	89
834	107
834	116
834	157
834	373
834	382
834	420
834	544
834	724
834	749
834	753
834	808
834	947
834	963
834	986
835	82
835	84
835	240
835	503
835	555
835	582
835	586
835	634
835	728
835	769
835	774
835	844
835	935
835	938
835	965
836	210
836	290
836	334
836	472
836	506
836	538
836	604
836	702
836	818
836	826
836	837
836	902
836	907
836	973
836	999
837	166
837	214
837	361
837	462
837	473
837	474
837	486
837	679
837	697
837	734
837	788
837	836
837	924
837	930
837	945
837	959
838	77
838	264
838	441
838	522
838	525
838	564
838	683
838	731
838	743
838	803
838	818
838	887
838	920
838	992
838	995
838	998
839	181
839	235
839	326
839	338
839	363
839	642
839	698
839	719
839	752
839	758
839	759
839	781
839	811
839	955
839	974
839	992
840	9
840	85
840	134
840	160
840	258
840	320
840	431
840	542
840	562
840	620
840	740
840	776
840	911
840	917
840	968
840	997
841	35
841	105
841	171
841	315
841	342
841	480
841	520
841	748
841	784
841	812
841	859
841	863
841	884
841	918
841	943
841	975
842	122
842	181
842	275
842	276
842	404
842	452
842	501
842	575
842	605
842	612
842	712
842	815
842	818
842	864
842	946
842	992
843	56
843	177
843	469
843	476
843	482
843	505
843	577
843	584
843	654
843	655
843	663
843	721
843	742
843	829
843	964
843	981
844	7
844	139
844	147
844	160
844	225
844	304
844	346
844	762
844	772
844	779
844	830
844	833
844	835
844	877
844	926
844	973
845	48
845	284
845	403
845	710
845	732
845	734
845	756
845	858
845	870
845	914
845	951
845	954
845	955
845	965
845	966
845	986
846	100
846	135
846	234
846	292
846	317
846	339
846	348
846	554
846	612
846	705
846	786
846	802
846	828
846	891
846	943
846	977
847	203
847	233
847	282
847	296
847	365
847	402
847	497
847	558
847	561
847	669
847	671
847	722
847	728
847	769
847	774
847	832
848	94
848	106
848	310
848	325
848	330
848	534
848	668
848	697
848	738
848	775
848	785
848	787
848	899
848	907
848	986
848	995
849	174
849	210
849	412
849	415
849	417
849	428
849	482
849	585
849	639
849	644
849	793
849	853
849	889
849	957
849	970
849	974
850	30
850	87
850	126
850	164
850	178
850	240
850	266
850	387
850	428
850	621
850	720
850	739
850	814
850	872
850	964
850	998
851	57
851	182
851	258
851	279
851	369
851	384
851	433
851	442
851	504
851	610
851	852
851	860
851	875
851	912
851	938
851	959
852	19
852	132
852	302
852	393
852	434
852	460
852	528
852	611
852	728
852	747
852	776
852	818
852	851
852	909
852	915
852	974
853	73
853	109
853	245
853	385
853	428
853	536
853	656
853	681
853	749
853	752
853	753
853	808
853	821
853	849
853	928
853	950
854	34
854	83
854	386
854	535
854	643
854	666
854	797
854	801
854	817
854	855
854	882
854	886
854	895
854	933
854	960
854	995
855	359
855	519
855	540
855	659
855	661
855	702
855	854
855	916
855	921
855	932
855	943
855	949
855	954
855	966
855	977
855	983
856	77
856	140
856	155
856	253
856	263
856	375
856	633
856	746
856	792
856	803
856	879
856	925
856	936
856	941
856	974
856	977
856	997
857	148
857	334
857	351
857	365
857	449
857	490
857	576
857	622
857	642
857	664
857	681
857	737
857	751
857	754
857	798
857	911
857	919
858	51
858	253
858	267
858	396
858	493
858	606
858	657
858	708
858	748
858	754
858	795
858	845
858	898
858	901
858	961
858	974
858	999
859	190
859	260
859	311
859	416
859	474
859	574
859	630
859	761
859	816
859	817
859	820
859	825
859	829
859	841
859	872
859	888
859	967
860	334
860	345
860	352
860	406
860	457
860	481
860	538
860	711
860	760
860	822
860	823
860	851
860	928
860	933
860	956
860	976
860	991
861	308
861	337
861	395
861	490
861	553
861	626
861	646
861	692
861	771
861	813
861	863
861	899
861	904
861	907
861	921
861	969
861	977
862	105
862	346
862	431
862	440
862	507
862	575
862	636
862	678
862	680
862	738
862	761
862	864
862	897
862	908
862	927
862	931
862	979
863	91
863	338
863	409
863	429
863	626
863	719
863	779
863	784
863	798
863	803
863	813
863	841
863	861
863	867
863	907
863	943
863	969
864	43
864	52
864	251
864	306
864	486
864	531
864	602
864	719
864	726
864	751
864	812
864	842
864	862
864	870
864	879
864	909
864	940
865	129
865	166
865	172
865	233
865	392
865	470
865	642
865	643
865	671
865	729
865	762
865	890
865	893
865	906
865	910
865	959
865	997
866	35
866	57
866	163
866	307
866	322
866	567
866	631
866	675
866	732
866	773
866	804
866	956
866	965
866	969
866	972
866	989
866	990
867	1
867	96
867	468
867	525
867	550
867	589
867	614
867	671
867	676
867	680
867	725
867	790
867	792
867	863
867	947
867	967
867	975
868	68
868	152
868	230
868	239
868	389
868	420
868	461
868	473
868	489
868	508
868	683
868	701
868	722
868	787
868	873
868	948
868	952
869	129
869	133
869	374
869	448
869	462
869	508
869	537
869	665
869	757
869	817
869	820
869	831
869	934
869	944
869	946
869	974
869	982
870	64
870	121
870	141
870	154
870	207
870	304
870	435
870	586
870	719
870	751
870	768
870	845
870	864
870	937
870	940
870	942
870	953
871	37
871	93
871	232
871	379
871	462
871	650
871	663
871	726
871	741
871	809
871	820
871	897
871	908
871	944
871	970
871	982
871	991
872	224
872	399
872	499
872	506
872	632
872	718
872	751
872	779
872	828
872	850
872	859
872	880
872	933
872	939
872	958
872	991
872	997
873	177
873	294
873	302
873	389
873	420
873	425
873	473
873	487
873	572
873	582
873	783
873	787
873	868
873	955
873	971
873	979
873	989
874	34
874	123
874	143
874	186
874	211
874	283
874	513
874	567
874	574
874	630
874	645
874	709
874	737
874	791
874	887
874	940
874	998
875	45
875	79
875	221
875	577
875	660
875	670
875	683
875	800
875	851
875	888
875	901
875	937
875	948
875	951
875	954
875	967
875	999
876	159
876	322
876	560
876	620
876	623
876	682
876	707
876	717
876	727
876	743
876	809
876	884
876	898
876	900
876	924
876	961
876	1000
877	191
877	197
877	470
877	485
877	547
877	611
877	640
877	727
877	780
877	784
877	844
877	892
877	897
877	912
877	917
877	926
877	927
877	999
878	103
878	254
878	327
878	459
878	565
878	575
878	684
878	695
878	741
878	750
878	751
878	782
878	811
878	823
878	947
878	948
878	964
878	970
879	65
879	287
879	591
879	666
879	667
879	678
879	697
879	740
879	747
879	808
879	856
879	864
879	888
879	894
879	960
879	964
879	984
879	995
880	21
880	180
880	217
880	323
880	343
880	469
880	483
880	521
880	578
880	653
880	664
880	750
880	800
880	832
880	872
880	882
880	908
880	975
881	6
881	56
881	61
881	165
881	378
881	472
881	494
881	569
881	629
881	766
881	920
881	930
881	955
881	968
881	971
881	978
881	982
881	988
882	66
882	160
882	244
882	267
882	351
882	484
882	505
882	518
882	520
882	588
882	603
882	632
882	646
882	854
882	880
882	918
882	954
882	961
883	123
883	199
883	244
883	256
883	337
883	359
883	452
883	487
883	512
883	621
883	623
883	635
883	672
883	689
883	740
883	782
883	935
883	948
884	8
884	297
884	397
884	448
884	488
884	559
884	755
884	756
884	770
884	841
884	876
884	903
884	913
884	914
884	938
884	941
884	957
884	966
885	98
885	138
885	142
885	159
885	338
885	589
885	594
885	602
885	606
885	799
885	803
885	806
885	890
885	925
885	952
885	974
885	976
885	982
886	101
886	423
886	477
886	479
886	670
886	687
886	814
886	854
886	889
886	902
886	905
886	921
886	934
886	944
886	948
886	951
886	968
886	999
887	176
887	311
887	345
887	420
887	441
887	468
887	650
887	660
887	685
887	736
887	795
887	806
887	838
887	874
887	906
887	919
887	925
887	998
888	33
888	361
888	459
888	479
888	512
888	532
888	550
888	797
888	832
888	859
888	875
888	879
888	895
888	900
888	936
888	975
888	986
888	995
889	19
889	129
889	218
889	423
889	465
889	482
889	594
889	693
889	849
889	886
889	909
889	923
889	924
889	957
889	971
889	994
889	996
889	1000
890	368
890	444
890	561
890	625
890	762
890	768
890	799
890	865
890	885
890	893
890	901
890	910
890	920
890	931
890	948
890	959
890	990
890	993
891	202
891	234
891	317
891	339
891	348
891	364
891	470
891	491
891	554
891	593
891	802
891	815
891	825
891	846
891	899
891	924
891	925
891	997
892	83
892	114
892	198
892	241
892	453
892	526
892	566
892	604
892	614
892	649
892	783
892	801
892	833
892	877
892	914
892	965
892	984
892	986
892	996
893	142
893	209
893	353
893	368
893	444
893	484
893	561
893	663
893	734
893	762
893	804
893	817
893	819
893	827
893	865
893	890
893	910
893	917
893	959
894	325
894	394
894	429
894	498
894	535
894	636
894	667
894	763
894	768
894	789
894	794
894	832
894	879
894	895
894	904
894	975
894	995
894	998
894	999
895	14
895	68
895	244
895	479
895	532
895	553
895	576
895	822
895	833
895	854
895	888
895	894
895	933
895	947
895	960
895	975
895	989
895	991
895	995
896	55
896	410
896	453
896	455
896	619
896	635
896	733
896	770
896	785
896	818
896	906
896	915
896	934
896	952
896	958
896	973
896	984
896	993
896	996
897	22
897	121
897	216
897	262
897	324
897	377
897	409
897	548
897	549
897	554
897	573
897	648
897	652
897	660
897	662
897	862
897	871
897	877
897	946
898	110
898	141
898	168
898	326
898	420
898	451
898	492
898	759
898	765
898	858
898	876
898	908
898	911
898	918
898	953
898	976
898	981
898	983
898	992
899	7
899	228
899	528
899	547
899	576
899	643
899	780
899	848
899	861
899	891
899	902
899	905
899	918
899	937
899	945
899	951
899	977
899	999
899	1000
900	112
900	151
900	166
900	309
900	388
900	390
900	406
900	440
900	511
900	555
900	594
900	688
900	724
900	741
900	749
900	789
900	824
900	876
900	888
901	258
901	370
901	453
901	514
901	524
901	526
901	563
901	591
901	692
901	791
901	858
901	875
901	890
901	907
901	947
901	962
901	969
901	970
901	996
902	142
902	164
902	266
902	287
902	552
902	611
902	625
902	719
902	777
902	832
902	836
902	886
902	899
902	937
902	948
902	951
902	978
902	997
902	999
903	12
903	64
903	222
903	350
903	504
903	518
903	549
903	582
903	634
903	660
903	669
903	733
903	743
903	757
903	776
903	828
903	884
903	925
903	944
903	946
904	45
904	236
904	402
904	446
904	450
904	459
904	503
904	600
904	621
904	647
904	729
904	810
904	830
904	861
904	894
904	958
904	963
904	982
904	987
904	997
905	72
905	150
905	175
905	261
905	504
905	566
905	670
905	687
905	709
905	715
905	765
905	780
905	824
905	886
905	899
905	937
905	943
905	951
905	966
905	999
906	82
906	273
906	340
906	370
906	466
906	488
906	562
906	635
906	691
906	778
906	794
906	816
906	865
906	887
906	896
906	941
906	952
906	960
906	964
906	993
907	18
907	117
907	161
907	195
907	271
907	616
907	659
907	742
907	813
907	836
907	848
907	861
907	863
907	901
907	910
907	919
907	969
907	975
907	984
907	995
908	57
908	161
908	224
908	273
908	276
908	284
908	473
908	477
908	485
908	693
908	770
908	783
908	800
908	821
908	862
908	871
908	880
908	898
908	936
908	979
909	139
909	153
909	167
909	352
909	377
909	520
909	537
909	597
909	631
909	654
909	741
909	769
909	798
909	818
909	852
909	864
909	889
909	957
909	971
909	994
909	996
910	172
910	257
910	355
910	368
910	434
910	489
910	546
910	550
910	587
910	588
910	714
910	734
910	762
910	805
910	808
910	865
910	890
910	893
910	907
910	942
910	959
911	40
911	178
911	212
911	222
911	276
911	346
911	448
911	543
911	564
911	653
911	712
911	796
911	800
911	821
911	840
911	857
911	898
911	915
911	939
911	964
911	992
912	183
912	251
912	405
912	408
912	422
912	461
912	478
912	544
912	580
912	587
912	619
912	635
912	683
912	817
912	851
912	877
912	916
912	923
912	938
912	957
912	985
913	92
913	145
913	206
913	417
913	511
913	681
913	702
913	708
913	726
913	803
913	831
913	884
913	916
913	918
913	921
913	932
913	933
913	960
913	968
913	973
913	991
914	179
914	192
914	305
914	309
914	330
914	363
914	419
914	499
914	644
914	649
914	663
914	702
914	721
914	745
914	782
914	845
914	884
914	892
914	934
914	965
914	986
915	42
915	212
915	434
915	448
915	554
915	653
915	673
915	693
915	736
915	739
915	800
915	821
915	852
915	896
915	911
915	926
915	935
915	963
915	979
915	982
915	989
916	62
916	77
916	119
916	205
916	206
916	238
916	304
916	417
916	564
916	588
916	600
916	646
916	855
916	912
916	913
916	921
916	932
916	940
916	949
916	950
916	954
917	11
917	54
917	93
917	208
917	282
917	355
917	456
917	484
917	646
917	681
917	732
917	754
917	768
917	786
917	817
917	818
917	840
917	877
917	893
917	923
917	965
918	47
918	101
918	135
918	193
918	545
918	559
918	598
918	603
918	606
918	692
918	708
918	754
918	841
918	882
918	898
918	899
918	913
918	939
918	961
918	981
918	1000
919	8
919	13
919	95
919	164
919	297
919	318
919	434
919	513
919	566
919	630
919	755
919	773
919	776
919	820
919	857
919	887
919	907
919	943
919	965
919	966
919	986
920	216
920	377
920	378
920	499
920	569
920	679
920	744
920	766
920	810
920	819
920	828
920	838
920	881
920	890
920	928
920	930
920	933
920	941
920	955
920	970
920	988
921	11
921	84
921	280
921	511
921	553
921	600
921	628
921	697
921	702
921	706
921	717
921	723
921	855
921	861
921	886
921	913
921	916
921	932
921	947
921	949
921	950
921	970
922	25
922	41
922	55
922	63
922	190
922	205
922	331
922	360
922	471
922	572
922	592
922	607
922	641
922	696
922	740
922	745
922	746
922	754
922	756
922	810
922	825
922	976
923	106
923	146
923	312
923	344
923	361
923	362
923	393
923	481
923	520
923	621
923	683
923	713
923	741
923	764
923	807
923	889
923	912
923	917
923	948
923	960
923	984
923	1000
924	113
924	189
924	380
924	464
924	506
924	522
924	568
924	576
924	689
924	694
924	756
924	763
924	798
924	801
924	811
924	837
924	876
924	889
924	891
924	954
924	956
924	975
925	10
925	130
925	218
925	263
925	301
925	605
925	631
925	652
925	680
925	746
925	760
925	782
925	799
925	856
925	885
925	887
925	891
925	903
925	974
925	975
925	977
925	995
926	37
926	225
926	293
926	350
926	368
926	435
926	581
926	604
926	674
926	707
926	717
926	725
926	738
926	833
926	844
926	877
926	915
926	939
926	953
926	964
926	978
926	996
927	113
927	159
927	213
927	261
927	384
927	405
927	440
927	497
927	498
927	523
927	571
927	575
927	622
927	641
927	718
927	771
927	862
927	877
927	946
927	985
927	986
927	990
928	74
928	292
928	294
928	313
928	352
928	358
928	617
928	699
928	704
928	711
928	713
928	741
928	769
928	822
928	823
928	831
928	853
928	860
928	920
928	976
928	982
928	991
929	16
929	38
929	95
929	170
929	236
929	272
929	287
929	298
929	503
929	512
929	513
929	532
929	656
929	699
929	778
929	781
929	791
929	817
929	936
929	947
929	975
929	976
930	36
930	204
930	225
930	378
930	388
930	490
930	497
930	548
930	602
930	609
930	629
930	690
930	729
930	766
930	805
930	819
930	823
930	837
930	881
930	920
930	955
930	988
931	214
931	383
931	398
931	429
931	497
931	571
931	575
931	622
931	648
931	696
931	724
931	725
931	771
931	787
931	862
931	890
931	932
931	958
931	962
931	983
931	985
931	995
932	92
932	110
932	260
932	400
932	409
932	511
932	548
932	595
932	609
932	786
932	818
932	832
932	855
932	913
932	916
932	921
932	931
932	940
932	949
932	953
932	966
932	994
933	64
933	83
933	205
933	297
933	418
933	479
933	482
933	537
933	634
933	678
933	724
933	773
933	797
933	832
933	854
933	860
933	872
933	895
933	913
933	920
933	960
933	997
934	17
934	205
934	247
934	332
934	345
934	662
934	674
934	685
934	690
934	702
934	740
934	749
934	789
934	806
934	808
934	869
934	886
934	896
934	914
934	942
934	952
934	956
935	111
935	123
935	183
935	199
935	244
935	246
935	256
935	268
935	271
935	272
935	283
935	294
935	351
935	621
935	704
935	740
935	755
935	835
935	883
935	915
935	952
935	966
936	2
936	219
936	381
936	390
936	399
936	436
936	438
936	483
936	520
936	536
936	544
936	559
936	573
936	736
936	795
936	797
936	801
936	856
936	888
936	908
936	929
936	985
937	20
937	39
937	45
937	68
937	77
937	406
937	574
937	577
937	707
937	751
937	765
937	777
937	808
937	818
937	870
937	875
937	899
937	902
937	905
937	948
937	987
937	999
938	22
938	103
938	342
938	439
938	445
938	501
938	526
938	684
938	692
938	790
938	835
938	851
938	884
938	912
938	942
938	947
938	948
938	951
938	962
938	970
938	977
938	987
939	175
939	196
939	297
939	323
939	408
939	479
939	551
939	581
939	656
939	703
939	714
939	746
939	788
939	833
939	872
939	911
939	918
939	926
939	968
939	973
939	979
939	985
940	2
940	43
940	121
940	142
940	154
940	207
940	326
940	570
940	602
940	620
940	648
940	719
940	751
940	798
940	821
940	864
940	870
940	874
940	916
940	932
940	958
940	963
941	36
941	80
941	115
941	116
941	188
941	222
941	274
941	365
941	440
941	468
941	481
941	486
941	510
941	597
941	616
941	856
941	884
941	906
941	920
941	950
941	952
941	954
942	27
942	80
942	95
942	239
942	247
942	332
942	446
942	502
942	550
942	570
942	654
942	655
942	674
942	690
942	722
942	745
942	789
942	870
942	910
942	934
942	938
942	956
943	179
943	186
943	277
943	310
943	383
943	391
943	401
943	452
943	480
943	548
943	581
943	607
943	667
943	672
943	744
943	789
943	812
943	841
943	846
943	855
943	863
943	905
943	919
944	12
944	14
944	39
944	87
944	123
944	395
944	413
944	425
944	443
944	450
944	489
944	599
944	624
944	644
944	806
944	820
944	822
944	869
944	871
944	886
944	903
944	946
944	982
945	34
945	127
945	131
945	210
945	237
945	239
945	337
945	439
945	474
945	482
945	516
945	533
945	687
945	788
945	790
945	802
945	815
945	827
945	837
945	899
945	980
945	987
945	992
946	34
946	75
946	151
946	187
946	199
946	391
946	435
946	501
946	537
946	660
946	663
946	673
946	768
946	842
946	869
946	897
946	903
946	927
946	944
946	978
946	982
946	989
946	992
947	104
947	516
947	571
947	585
947	615
947	666
947	689
947	695
947	714
947	718
947	750
947	763
947	791
947	799
947	834
947	867
947	878
947	895
947	901
947	921
947	929
947	938
947	987
948	485
948	594
948	611
948	633
948	687
948	702
948	724
948	777
948	868
948	875
948	878
948	883
948	886
948	890
948	902
948	923
948	937
948	938
948	951
948	960
948	980
948	986
948	993
949	201
949	326
949	359
949	409
949	417
949	440
949	508
949	511
949	584
949	623
949	702
949	725
949	774
949	776
949	794
949	802
949	829
949	855
949	916
949	921
949	932
949	953
949	993
950	91
950	116
950	129
950	186
950	208
950	231
950	295
950	333
950	398
950	400
950	468
950	485
950	486
950	507
950	589
950	616
950	715
950	828
950	853
950	916
950	921
950	941
950	954
950	998
951	120
951	122
951	191
951	197
951	458
951	584
951	622
951	626
951	640
951	687
951	780
951	808
951	845
951	875
951	886
951	899
951	902
951	905
951	938
951	948
951	958
951	965
951	971
951	979
952	55
952	97
952	125
952	214
952	257
952	268
952	407
952	488
952	635
952	675
952	695
952	733
952	734
952	770
952	787
952	868
952	885
952	896
952	906
952	934
952	935
952	941
952	964
952	993
953	49
953	147
953	551
953	560
953	573
953	627
953	628
953	640
953	652
953	695
953	707
953	724
953	725
953	738
953	763
953	775
953	816
953	870
953	898
953	926
953	932
953	949
953	970
953	996
954	36
954	129
954	134
954	188
954	200
954	232
954	262
954	274
954	400
954	468
954	486
954	673
954	733
954	784
954	845
954	855
954	875
954	882
954	916
954	924
954	941
954	950
954	955
954	979
955	6
955	207
955	254
955	269
955	293
955	316
955	392
955	436
955	626
955	629
955	677
955	766
955	773
955	774
955	819
955	839
955	845
955	873
955	881
955	920
955	930
955	954
955	974
955	988
956	17
956	27
956	31
956	128
956	205
956	235
956	236
956	269
956	353
956	443
956	465
956	570
956	674
956	690
956	714
956	789
956	823
956	860
956	866
956	924
956	934
956	942
956	959
956	987
957	26
957	187
957	204
957	259
957	303
957	412
957	533
957	534
957	576
957	581
957	622
957	672
957	677
957	711
957	755
957	769
957	798
957	849
957	884
957	889
957	909
957	912
957	976
957	994
958	22
958	29
958	82
958	162
958	236
958	331
958	386
958	450
958	546
958	645
958	701
958	755
958	760
958	828
958	872
958	896
958	904
958	931
958	940
958	951
958	969
958	987
958	994
958	997
959	125
959	149
959	201
959	286
959	309
959	428
959	550
959	561
959	643
959	658
959	689
959	734
959	761
959	762
959	769
959	837
959	851
959	865
959	890
959	893
959	910
959	956
959	974
959	982
959	994
960	5
960	27
960	88
960	110
960	341
960	349
960	433
960	529
960	552
960	583
960	636
960	666
960	797
960	812
960	854
960	879
960	895
960	906
960	913
960	923
960	933
960	948
960	975
960	986
960	999
961	193
961	267
961	319
961	396
961	500
961	552
961	592
961	603
961	606
961	628
961	666
961	669
961	713
961	725
961	733
961	744
961	762
961	790
961	858
961	876
961	882
961	918
961	977
961	984
961	988
962	163
962	173
962	176
962	248
962	258
962	285
962	467
962	524
962	529
962	565
962	585
962	684
962	695
962	699
962	726
962	735
962	750
962	777
962	812
962	901
962	931
962	938
962	966
962	970
962	993
963	10
963	178
963	211
963	245
963	251
963	294
963	309
963	362
963	406
963	555
963	586
963	724
963	753
963	765
963	777
963	780
963	802
963	808
963	823
963	834
963	904
963	915
963	940
963	988
963	996
964	33
964	173
964	199
964	220
964	310
964	380
964	508
964	589
964	654
964	698
964	733
964	770
964	785
964	805
964	808
964	827
964	843
964	850
964	878
964	879
964	906
964	911
964	926
964	952
964	973
964	993
965	6
965	49
965	95
965	241
965	245
965	258
965	553
965	566
965	573
965	673
965	714
965	733
965	755
965	782
965	803
965	835
965	845
965	866
965	892
965	914
965	917
965	919
965	951
965	966
965	986
965	995
966	183
966	245
966	403
966	409
966	449
966	559
966	566
966	576
966	588
966	645
966	649
966	673
966	684
966	721
966	777
966	794
966	845
966	855
966	884
966	905
966	919
966	932
966	935
966	962
966	965
966	983
967	1
967	228
967	277
967	296
967	305
967	366
967	426
967	470
967	487
967	523
967	549
967	589
967	600
967	622
967	669
967	728
967	739
967	749
967	750
967	768
967	792
967	800
967	824
967	859
967	867
967	875
968	9
968	24
968	156
968	306
968	328
968	359
968	380
968	385
968	424
968	447
968	492
968	501
968	596
968	620
968	625
968	682
968	684
968	698
968	776
968	840
968	881
968	886
968	913
968	939
968	986
968	993
969	22
969	98
969	161
969	195
969	306
969	364
969	383
969	395
969	411
969	429
969	541
969	562
969	602
969	613
969	626
969	631
969	659
969	699
969	745
969	813
969	861
969	863
969	866
969	901
969	907
969	958
970	25
970	72
970	144
970	226
970	271
970	568
970	615
970	682
970	692
970	711
970	731
970	763
970	774
970	782
970	795
970	849
970	871
970	878
970	901
970	920
970	921
970	938
970	953
970	962
970	971
970	972
970	992
971	19
971	66
971	75
971	81
971	102
971	112
971	410
971	414
971	557
971	576
971	610
971	644
971	688
971	769
971	790
971	798
971	873
971	881
971	889
971	909
971	951
971	970
971	980
971	985
971	989
971	994
971	996
972	12
972	66
972	219
972	239
972	270
972	467
972	519
972	640
972	667
972	703
972	712
972	713
972	726
972	768
972	773
972	791
972	803
972	804
972	866
972	970
972	973
972	978
972	980
972	987
972	989
972	990
972	991
973	51
973	272
973	324
973	384
973	421
973	465
973	498
973	560
973	581
973	599
973	608
973	627
973	628
973	671
973	707
973	714
973	721
973	808
973	836
973	844
973	896
973	913
973	939
973	964
973	972
973	977
973	987
974	44
974	397
974	522
974	639
974	650
974	652
974	654
974	680
974	729
974	751
974	792
974	799
974	803
974	839
974	849
974	852
974	856
974	858
974	869
974	885
974	925
974	955
974	959
974	977
974	994
974	995
974	1000
975	118
975	313
975	318
975	394
975	433
975	436
975	529
975	607
975	636
975	744
975	759
975	797
975	806
975	841
975	867
975	880
975	888
975	894
975	895
975	907
975	924
975	925
975	929
975	960
975	987
975	988
975	995
976	28
976	72
976	136
976	141
976	437
976	457
976	521
976	531
976	551
976	599
976	670
976	671
976	750
976	752
976	781
976	860
976	885
976	898
976	922
976	928
976	929
976	957
976	981
976	986
976	987
976	990
976	992
977	115
977	249
977	264
977	421
977	460
977	587
977	603
977	605
977	640
977	650
977	652
977	689
977	731
977	786
977	803
977	806
977	811
977	846
977	855
977	856
977	861
977	899
977	925
977	938
977	961
977	973
977	974
978	63
978	133
978	138
978	140
978	184
978	223
978	354
978	385
978	430
978	496
978	510
978	541
978	544
978	559
978	611
978	640
978	688
978	715
978	716
978	795
978	811
978	881
978	902
978	926
978	946
978	972
978	1000
979	217
979	276
979	278
979	323
979	375
979	385
979	466
979	493
979	497
979	531
979	539
979	543
979	631
979	693
979	718
979	781
979	800
979	821
979	826
979	862
979	873
979	908
979	915
979	939
979	951
979	954
979	988
980	152
980	197
980	203
980	209
980	243
980	268
980	296
980	396
980	460
980	467
980	477
980	527
980	541
980	542
980	616
980	657
980	659
980	712
980	773
980	776
980	822
980	830
980	945
980	948
980	971
980	972
980	989
980	990
981	28
981	48
981	72
981	75
981	110
981	148
981	168
981	355
981	412
981	437
981	570
981	591
981	593
981	612
981	628
981	634
981	685
981	695
981	710
981	758
981	780
981	824
981	843
981	898
981	918
981	976
981	984
981	992
982	117
982	151
982	216
982	352
982	413
982	493
982	582
982	648
982	663
982	670
982	684
982	710
982	711
982	777
982	802
982	820
982	833
982	869
982	871
982	881
982	885
982	904
982	915
982	928
982	944
982	946
982	959
982	989
983	13
983	70
983	145
983	187
983	221
983	249
983	288
983	346
983	373
983	376
983	381
983	432
983	489
983	491
983	502
983	530
983	564
983	580
983	582
983	733
983	735
983	742
983	832
983	855
983	898
983	931
983	966
983	993
984	28
984	314
984	362
984	393
984	421
984	432
984	478
984	553
984	587
984	651
984	686
984	713
984	736
984	751
984	764
984	807
984	814
984	833
984	879
984	892
984	896
984	907
984	923
984	961
984	981
984	985
984	992
984	1000
985	38
985	158
985	234
985	251
985	277
985	312
985	332
985	408
985	412
985	552
985	553
985	558
985	587
985	635
985	651
985	713
985	723
985	748
985	764
985	772
985	807
985	912
985	927
985	931
985	936
985	939
985	971
985	984
986	32
986	131
986	146
986	241
986	263
986	367
986	418
986	632
986	649
986	673
986	714
986	721
986	739
986	755
986	810
986	834
986	845
986	848
986	888
986	892
986	914
986	919
986	927
986	948
986	960
986	965
986	968
986	976
987	31
987	82
987	86
987	130
987	174
987	372
987	446
987	450
987	471
987	506
987	524
987	652
987	701
987	793
987	800
987	828
987	904
987	937
987	938
987	945
987	947
987	956
987	958
987	972
987	973
987	975
987	976
987	997
988	51
988	139
988	270
988	316
988	355
988	388
988	392
988	441
988	483
988	563
988	569
988	583
988	629
988	756
988	757
988	766
988	819
988	821
988	881
988	920
988	930
988	955
988	961
988	963
988	975
988	979
988	998
988	999
989	66
989	175
989	268
989	275
989	450
989	621
989	629
989	640
989	647
989	665
989	699
989	704
989	712
989	717
989	773
989	781
989	804
989	827
989	866
989	873
989	895
989	915
989	946
989	971
989	972
989	980
989	982
989	990
989	997
990	12
990	144
990	159
990	212
990	275
990	425
990	477
990	542
990	624
990	638
990	640
990	644
990	649
990	675
990	708
990	712
990	799
990	804
990	826
990	830
990	866
990	890
990	927
990	972
990	976
990	980
990	989
990	995
990	999
991	66
991	74
991	78
991	292
991	294
991	345
991	352
991	475
991	477
991	546
991	620
991	687
991	711
991	718
991	755
991	787
991	793
991	806
991	822
991	823
991	825
991	860
991	871
991	872
991	895
991	913
991	928
991	972
991	998
992	85
992	107
992	136
992	281
992	363
992	402
992	430
992	539
992	573
992	614
992	638
992	710
992	752
992	758
992	771
992	781
992	811
992	838
992	839
992	842
992	898
992	911
992	945
992	946
992	970
992	976
992	981
992	984
992	994
993	33
993	273
993	302
993	335
993	419
993	488
993	508
993	519
993	633
993	654
993	674
993	733
993	734
993	750
993	770
993	773
993	775
993	778
993	785
993	890
993	896
993	906
993	948
993	949
993	952
993	962
993	964
993	968
993	983
994	53
994	259
994	298
994	333
994	414
994	417
994	434
994	449
994	482
994	547
994	557
994	598
994	631
994	687
994	707
994	711
994	769
994	793
994	798
994	889
994	909
994	932
994	957
994	958
994	959
994	971
994	974
994	992
994	996
994	997
995	67
995	145
995	238
995	354
995	394
995	494
995	515
995	529
995	636
995	667
995	678
995	688
995	730
995	748
995	775
995	832
995	838
995	848
995	854
995	879
995	888
995	894
995	895
995	907
995	925
995	931
995	965
995	974
995	975
995	990
996	75
996	81
996	151
996	155
996	311
996	374
996	407
996	412
996	418
996	522
996	543
996	557
996	576
996	631
996	644
996	793
996	812
996	817
996	831
996	889
996	892
996	896
996	901
996	909
996	926
996	953
996	963
996	971
996	994
996	997
997	4
997	5
997	8
997	185
997	390
997	402
997	408
997	442
997	459
997	499
997	523
997	546
997	560
997	688
997	711
997	796
997	828
997	840
997	856
997	865
997	872
997	891
997	902
997	904
997	933
997	958
997	987
997	989
997	994
997	996
998	6
998	34
998	167
998	260
998	313
998	331
998	363
998	416
998	476
998	485
998	505
998	522
998	540
998	552
998	567
998	568
998	574
998	624
998	677
998	745
998	816
998	829
998	838
998	850
998	874
998	887
998	894
998	950
998	988
998	991
999	20
999	33
999	158
999	176
999	195
999	398
999	529
999	547
999	676
999	687
999	705
999	777
999	778
999	780
999	783
999	800
999	813
999	836
999	858
999	875
999	877
999	886
999	894
999	899
999	902
999	905
999	937
999	960
999	988
999	990
1000	53
1000	97
1000	184
1000	189
1000	223
1000	344
1000	351
1000	354
1000	385
1000	411
1000	430
1000	496
1000	505
1000	510
1000	541
1000	685
1000	688
1000	691
1000	715
1000	742
1000	779
1000	833
1000	876
1000	889
1000	899
1000	918
1000	923
1000	974
1000	978
1000	984
