1	276
1	465
1	725
1	981
1	1000
2	78
2	721
2	728
2	808
2	894
3	300
3	361
3	864
3	889
3	989
4	34
4	84
4	323
4	915
4	958
5	422
5	708
5	733
5	896
5	1000
6	431
6	798
6	935
6	947
6	971
7	260
7	261
7	328
7	621
7	936
8	148
8	792
8	813
8	870
8	919
9	121
9	159
9	396
9	830
9	968
10	174
10	231
10	531
10	723
10	908
11	64
11	447
11	599
11	868
11	980
12	201
12	211
12	341
12	892
12	974
13	116
13	322
13	348
13	460
13	786
14	291
14	751
14	822
14	842
14	934
15	127
15	651
15	780
15	863
15	998
16	380
16	401
16	615
16	882
16	989
17	130
17	705
17	721
17	867
17	903
18	186
18	669
18	862
18	897
18	929
19	313
19	475
19	562
19	839
19	933
20	252
20	506
20	641
20	800
20	967
21	874
21	916
21	971
21	990
21	991
22	637
22	681
22	766
22	981
22	995
23	643
23	669
23	774
23	790
23	948
24	35
24	600
24	660
24	682
24	700
25	75
25	191
25	231
25	478
25	690
26	52
26	96
26	395
26	975
26	990
27	514
27	618
27	825
27	957
27	988
28	549
28	797
28	912
28	954
28	957
29	282
29	377
29	850
29	935
29	999
30	701
30	907
30	927
30	983
30	995
31	195
31	507
31	509
31	920
31	992
32	335
32	555
32	716
32	837
32	971
33	292
33	505
33	537
33	874
33	914
34	4
34	475
34	661
34	704
34	922
35	24
35	148
35	533
35	777
35	831
36	118
36	289
36	442
36	615
36	711
37	571
37	886
37	887
37	888
37	953
38	589
38	743
38	778
38	876
38	987
39	344
39	534
39	840
39	930
39	977
40	168
40	733
40	912
40	968
40	972
41	43
41	70
41	133
41	508
41	512
42	588
42	798
42	925
42	946
42	969
43	41
43	375
43	395
43	788
43	923
44	232
44	614
44	715
44	750
44	898
45	622
45	739
45	766
45	879
45	880
46	232
46	551
46	610
46	965
46	975
47	63
47	207
47	430
47	523
47	812
48	144
48	183
48	413
48	785
48	923
49	124
49	183
49	721
49	855
49	865
50	177
50	750
50	951
50	957
50	976
51	285
51	687
51	790
51	922
51	973
52	26
52	675
52	705
52	897
52	923
53	60
53	126
53	253
53	685
53	711
54	686
54	740
54	834
54	854
54	922
55	476
55	891
55	913
55	959
55	970
56	720
56	741
56	881
56	911
56	949
57	269
57	766
57	873
57	902
57	995
58	577
58	649
58	837
58	839
58	878
59	683
59	698
59	754
59	844
59	929
60	53
60	242
60	623
60	715
60	773
61	340
61	540
61	552
61	956
61	992
62	73
62	265
62	347
62	875
62	991
63	47
63	147
63	555
63	722
63	968
64	11
64	799
64	859
64	930
64	970
65	246
65	547
65	573
65	837
65	902
66	76
66	341
66	565
66	949
66	960
67	113
67	286
67	366
67	840
67	930
68	291
68	688
68	778
68	954
68	989
69	512
69	590
69	817
69	839
69	956
70	41
70	155
70	187
70	658
70	722
71	204
71	326
71	488
71	941
71	949
72	566
72	837
72	952
72	972
72	1000
73	62
73	386
73	603
73	686
73	833
74	777
74	844
74	886
74	888
74	909
75	25
75	592
75	633
75	821
75	942
76	66
76	236
76	238
76	631
76	680
77	322
77	419
77	599
77	710
77	905
78	2
78	368
78	665
78	959
78	984
79	88
79	678
79	684
79	881
79	930
80	797
80	948
80	984
80	991
80	1000
81	817
81	841
81	899
81	935
81	975
82	270
82	663
82	818
82	845
82	962
83	333
83	629
83	727
83	832
83	986
84	4
84	395
84	575
84	831
84	974
85	290
85	399
85	722
85	760
85	929
86	167
86	716
86	919
86	938
86	957
87	136
87	432
87	798
87	938
87	940
88	79
88	757
88	844
88	849
88	913
89	642
89	915
89	935
89	949
89	958
90	470
90	738
90	806
90	827
90	837
91	641
91	797
91	877
91	932
91	1000
92	251
92	654
92	794
92	816
92	921
93	198
93	409
93	471
93	774
93	995
94	303
94	603
94	661
94	739
94	964
95	398
95	915
95	919
95	935
95	957
96	26
96	220
96	269
96	513
96	932
97	243
97	361
97	368
97	425
97	931
98	410
98	522
98	824
98	828
98	904
99	399
99	513
99	820
99	830
99	915
100	216
100	470
100	744
100	893
100	996
101	561
101	644
101	851
101	969
101	988
102	205
102	341
102	649
102	803
102	934
103	279
103	499
103	775
103	904
103	992
104	348
104	832
104	890
104	962
104	993
105	710
105	735
105	877
105	929
105	937
106	252
106	383
106	446
106	968
106	977
107	270
107	306
107	547
107	617
107	999
108	205
108	504
108	844
108	866
108	901
109	155
109	501
109	963
109	979
109	980
110	255
110	548
110	827
110	956
110	982
111	757
111	764
111	833
111	850
111	994
112	643
112	786
112	935
112	977
112	988
113	67
113	264
113	897
113	952
113	996
114	280
114	620
114	803
114	810
114	883
115	181
115	325
115	427
115	756
115	887
116	13
116	184
116	597
116	970
116	988
117	301
117	495
117	687
117	751
117	918
118	36
118	712
118	720
118	763
118	860
118	963
119	546
119	886
119	924
119	953
119	982
120	627
120	723
120	806
120	954
120	990
121	9
121	247
121	832
121	875
121	903
122	257
122	483
122	762
122	959
122	990
123	591
123	644
123	792
123	876
123	921
124	49
124	725
124	820
124	948
124	961
125	476
125	693
125	823
125	865
125	917
126	53
126	527
126	582
126	696
126	955
127	15
127	415
127	635
127	688
127	774
128	518
128	716
128	735
128	777
128	868
129	702
129	742
129	756
129	977
129	986
130	17
130	421
130	521
130	661
130	706
131	587
131	812
131	846
131	974
131	985
132	170
132	310
132	685
132	829
132	865
133	41
133	256
133	565
133	629
133	799
134	281
134	935
134	960
134	996
134	998
135	849
135	884
135	893
135	955
135	994
136	87
136	272
136	654
136	846
136	851
137	250
137	329
137	394
137	827
137	966
138	468
138	881
138	908
138	970
138	992
139	285
139	516
139	662
139	813
139	975
140	219
140	383
140	437
140	570
140	959
141	247
141	600
141	783
141	912
141	974
142	425
142	716
142	931
142	976
142	983
143	444
143	557
143	789
143	826
143	993
144	48
144	688
144	828
144	972
144	975
145	618
145	642
145	756
145	912
145	972
146	481
146	539
146	686
146	830
146	948
147	63
147	764
147	880
147	966
147	992
148	8
148	35
148	275
148	563
148	803
149	551
149	638
149	707
149	887
149	949
150	658
150	839
150	903
150	935
150	994
151	910
151	966
151	973
151	979
151	986
152	312
152	835
152	846
152	868
152	933
153	380
153	614
153	859
153	991
153	1000
154	469
154	765
154	788
154	801
154	831
155	70
155	109
155	266
155	815
155	930
156	222
156	359
156	518
156	710
156	847
157	320
157	324
157	476
157	864
157	926
158	402
158	688
158	754
158	823
158	924
159	9
159	524
159	581
159	715
159	908
160	353
160	383
160	855
160	922
160	984
161	296
161	585
161	866
161	949
161	961
162	199
162	413
162	544
162	687
162	930
163	352
163	532
163	927
163	928
163	965
164	360
164	401
164	420
164	735
164	942
165	491
165	522
165	837
165	859
165	877
166	569
166	695
166	849
166	962
166	971
167	86
167	185
167	456
167	852
167	958
168	40
168	370
168	373
168	639
168	975
169	420
169	690
169	758
169	878
169	994
170	132
170	612
170	905
170	916
170	938
171	409
171	518
171	573
171	820
171	985
172	209
172	609
172	813
172	946
172	999
173	302
173	841
173	855
173	985
173	988
174	10
174	434
174	536
174	935
174	997
175	177
175	199
175	466
175	530
175	610
176	744
176	829
176	868
176	939
176	980
177	50
177	175
177	305
177	879
177	946
178	258
178	292
178	304
178	315
178	614
179	793
179	861
179	873
179	878
179	985
180	449
180	504
180	604
180	925
180	966
181	115
181	396
181	466
181	588
181	644
182	368
182	444
182	590
182	773
182	978
183	48
183	49
183	729
183	763
183	834
184	116
184	336
184	635
184	869
184	999
185	167
185	535
185	725
185	834
185	978
186	18
186	346
186	756
186	816
186	874
187	70
187	229
187	387
187	702
187	826
188	230
188	439
188	763
188	897
188	982
189	506
189	832
189	845
189	936
189	994
190	546
190	773
190	934
190	945
190	980
191	25
191	737
191	831
191	878
191	897
192	679
192	823
192	914
192	976
192	989
193	204
193	550
193	702
193	813
193	907
194	558
194	737
194	873
194	918
194	921
195	31
195	338
195	621
195	836
195	838
196	367
196	884
196	890
196	993
196	998
197	317
197	729
197	753
197	925
197	974
198	93
198	639
198	802
198	882
198	931
199	162
199	175
199	256
199	400
199	509
200	241
200	606
200	679
200	708
200	981
201	12
201	218
201	874
201	916
201	937
202	402
202	466
202	769
202	815
202	889
203	474
203	673
203	968
203	975
203	985
204	71
204	193
204	446
204	834
204	936
205	102
205	108
205	697
205	838
205	882
206	398
206	406
206	529
206	552
206	773
207	47
207	526
207	924
207	930
207	941
208	674
208	816
208	823
208	960
208	971
209	172
209	265
209	420
209	725
209	973
210	519
210	537
210	776
210	865
210	945
211	12
211	329
211	860
211	993
211	1000
212	318
212	833
212	927
212	981
212	987
213	344
213	692
213	842
213	876
213	941
214	461
214	531
214	831
214	855
214	861
215	216
215	654
215	839
215	905
215	931
216	100
216	215
216	486
216	560
216	825
217	244
217	791
217	805
217	880
217	883
217	928
218	201
218	298
218	520
218	821
218	823
218	989
219	140
219	295
219	633
219	640
219	701
219	805
220	96
220	704
220	838
220	874
220	876
220	962
221	530
221	725
221	789
221	837
221	875
221	961
222	156
222	652
222	806
222	887
222	905
222	931
223	599
223	673
223	710
223	789
223	888
223	903
224	380
224	506
224	645
224	871
224	892
224	993
225	254
225	601
225	764
225	798
225	900
225	935
226	380
226	767
226	827
226	907
226	935
226	989
227	498
227	543
227	603
227	908
227	962
227	969
228	395
228	794
228	797
228	910
228	989
228	997
229	187
229	290
229	402
229	839
229	903
229	962
230	188
230	282
230	597
230	714
230	785
230	874
231	10
231	25
231	587
231	709
231	742
231	956
232	44
232	46
232	560
232	630
232	645
232	857
233	445
233	715
233	801
233	839
233	887
233	956
234	253
234	284
234	494
234	771
234	905
234	916
235	318
235	492
235	628
235	792
235	814
235	945
236	76
236	558
236	720
236	806
236	948
236	990
237	589
237	866
237	913
237	951
237	957
237	958
238	76
238	409
238	459
238	523
238	671
238	781
239	488
239	576
239	676
239	953
239	967
239	990
240	558
240	685
240	708
240	872
240	950
240	1000
241	200
241	355
241	653
241	851
241	866
241	889
242	60
242	471
242	497
242	932
242	948
242	961
243	97
243	498
243	544
243	635
243	718
243	889
244	217
244	269
244	425
244	772
244	794
244	965
245	445
245	633
245	644
245	731
245	787
245	821
246	65
246	388
246	591
246	722
246	787
246	897
247	121
247	141
247	628
247	742
247	847
247	922
248	514
248	692
248	805
248	918
248	928
248	1000
249	306
249	534
249	772
249	827
249	877
249	965
250	137
250	649
250	657
250	752
250	825
250	999
251	92
251	559
251	916
251	932
251	933
251	953
252	20
252	106
252	603
252	922
252	965
252	978
253	53
253	234
253	552
253	728
253	806
253	807
254	225
254	813
254	921
254	924
254	926
254	996
255	110
255	691
255	862
255	923
255	970
255	999
256	133
256	199
256	398
256	808
256	924
256	934
257	122
257	776
257	840
257	923
257	926
257	991
258	178
258	541
258	732
258	738
258	900
258	972
259	735
259	756
259	766
259	887
259	966
259	975
260	7
260	357
260	761
260	804
260	832
260	966
261	7
261	708
261	762
261	807
261	838
261	966
262	363
262	396
262	535
262	736
262	783
262	945
263	503
263	510
263	654
263	834
263	894
263	925
264	113
264	601
264	952
264	955
264	985
264	992
265	62
265	209
265	783
265	841
265	847
265	939
266	155
266	284
266	412
266	711
266	815
266	840
267	282
267	543
267	707
267	777
267	785
267	930
268	365
268	812
268	874
268	915
268	962
268	969
269	57
269	96
269	244
269	358
269	811
269	970
270	82
270	107
270	649
270	719
270	734
270	754
271	567
271	708
271	718
271	809
271	879
271	909
272	136
272	382
272	871
272	977
272	980
272	997
273	394
273	482
273	550
273	618
273	712
273	966
274	653
274	877
274	901
274	909
274	950
274	991
275	148
275	336
275	575
275	621
275	759
275	981
276	1
276	438
276	485
276	673
276	803
276	809
277	589
277	676
277	677
277	900
277	975
277	977
278	462
278	765
278	837
278	891
278	912
278	932
279	103
279	313
279	454
279	455
279	634
279	791
280	114
280	486
280	729
280	740
280	754
280	944
281	134
281	376
281	955
281	961
281	968
281	971
282	29
282	230
282	267
282	618
282	647
282	954
283	553
283	687
283	707
283	728
283	950
283	985
284	234
284	266
284	683
284	815
284	857
284	863
285	51
285	139
285	372
285	908
285	918
285	974
286	67
286	345
286	414
286	510
286	566
286	777
287	417
287	438
287	547
287	724
287	754
287	929
288	433
288	448
288	631
288	914
288	942
288	993
289	36
289	340
289	454
289	487
289	527
289	662
290	85
290	229
290	294
290	599
290	696
290	862
291	14
291	68
291	440
291	550
291	931
291	934
292	33
292	178
292	540
292	594
292	615
292	691
293	301
293	504
293	517
293	921
293	979
293	982
294	290
294	682
294	727
294	819
294	889
294	963
295	219
295	542
295	714
295	951
295	970
295	983
296	161
296	447
296	450
296	489
296	549
296	925
297	429
297	485
297	575
297	699
297	939
297	943
298	218
298	416
298	886
298	899
298	925
298	946
299	467
299	851
299	904
299	981
299	991
299	993
300	3
300	495
300	608
300	811
300	821
300	988
301	117
301	293
301	501
301	664
301	723
301	982
302	173
302	608
302	654
302	848
302	879
302	944
303	94
303	385
303	464
303	548
303	730
303	998
304	178
304	351
304	870
304	879
304	881
304	984
305	177
305	478
305	506
305	743
305	768
305	984
306	107
306	249
306	385
306	451
306	851
306	947
307	328
307	515
307	579
307	803
307	833
307	945
308	691
308	728
308	762
308	820
308	887
308	966
309	351
309	714
309	798
309	889
309	986
309	990
310	132
310	680
310	719
310	747
310	910
310	988
311	427
311	503
311	834
311	908
311	918
311	936
312	152
312	314
312	590
312	596
312	936
312	953
313	19
313	279
313	751
313	914
313	965
313	988
314	312
314	684
314	701
314	783
314	934
314	984
315	178
315	644
315	648
315	792
315	882
315	993
316	624
316	731
316	804
316	809
316	915
316	946
317	197
317	556
317	602
317	639
317	678
317	982
318	212
318	235
318	517
318	866
318	915
318	963
319	354
319	609
319	902
319	943
319	948
319	978
320	157
320	626
320	851
320	905
320	909
320	979
321	399
321	540
321	622
321	847
321	896
321	933
322	13
322	77
322	364
322	768
322	919
322	982
323	4
323	892
323	938
323	941
323	980
323	994
324	157
324	460
324	541
324	766
324	893
324	977
325	115
325	396
325	406
325	566
325	901
325	987
326	71
326	469
326	473
326	711
326	940
326	972
327	547
327	554
327	885
327	913
327	952
327	979
328	7
328	307
328	692
328	729
328	761
328	955
329	137
329	211
329	549
329	748
329	853
329	908
330	570
330	600
330	793
330	837
330	853
330	884
331	336
331	457
331	695
331	716
331	763
331	808
332	394
332	632
332	738
332	842
332	896
332	993
333	83
333	423
333	554
333	595
333	652
333	888
334	372
334	630
334	656
334	827
334	949
334	971
335	32
335	486
335	650
335	808
335	835
335	959
336	184
336	275
336	331
336	769
336	773
336	781
337	393
337	412
337	580
337	608
337	910
337	971
338	195
338	391
338	574
338	779
338	883
338	888
339	519
339	551
339	558
339	736
339	923
339	970
340	61
340	289
340	356
340	691
340	707
340	765
341	12
341	66
341	102
341	525
341	531
341	993
342	375
342	625
342	858
342	907
342	918
342	954
343	565
343	641
343	749
343	863
343	871
343	889
344	39
344	213
344	844
344	879
344	895
344	911
345	286
345	355
345	467
345	750
345	906
345	938
346	186
346	456
346	485
346	533
346	677
346	904
347	62
347	369
347	789
347	873
347	904
347	910
348	13
348	104
348	422
348	772
348	941
348	947
349	374
349	503
349	554
349	687
349	726
349	943
350	379
350	783
350	844
350	859
350	900
350	931
351	304
351	309
351	417
351	624
351	958
351	996
352	163
352	383
352	613
352	768
352	813
352	948
353	160
353	512
353	678
353	731
353	738
353	976
354	319
354	536
354	595
354	651
354	786
354	814
355	241
355	345
355	385
355	561
355	774
355	987
356	340
356	580
356	841
356	934
356	936
356	986
357	260
357	511
357	689
357	796
357	800
357	867
358	269
358	477
358	591
358	674
358	693
358	900
359	156
359	441
359	514
359	822
359	831
359	956
360	164
360	405
360	726
360	844
360	855
360	984
361	3
361	97
361	384
361	690
361	930
361	940
362	499
362	892
362	908
362	947
362	948
362	968
363	262
363	543
363	637
363	712
363	762
363	912
364	322
364	603
364	910
364	950
364	955
364	987
365	268
365	382
365	634
365	697
365	832
365	930
366	67
366	551
366	650
366	735
366	857
366	986
367	196
367	382
367	577
367	799
367	947
367	974
368	78
368	97
368	182
368	850
368	971
368	994
369	347
369	430
369	683
369	856
369	941
369	954
370	168
370	500
370	626
370	776
370	846
370	884
370	939
371	434
371	621
371	686
371	718
371	769
371	773
371	924
372	285
372	334
372	772
372	777
372	791
372	898
372	972
373	168
373	396
373	438
373	605
373	783
373	846
373	951
374	349
374	417
374	450
374	567
374	614
374	779
374	817
375	43
375	342
375	675
375	728
375	734
375	872
375	916
376	281
376	616
376	699
376	709
376	819
376	841
376	962
377	29
377	441
377	554
377	593
377	773
377	812
377	992
378	437
378	616
378	659
378	819
378	896
378	913
378	997
379	350
379	526
379	785
379	894
379	918
379	931
379	995
380	16
380	153
380	224
380	226
380	392
380	598
380	867
381	438
381	635
381	728
381	854
381	864
381	942
381	965
382	272
382	365
382	367
382	551
382	878
382	896
382	974
383	106
383	140
383	160
383	352
383	636
383	651
383	861
384	361
384	849
384	876
384	882
384	905
384	965
384	977
385	303
385	306
385	355
385	474
385	928
385	932
385	960
386	73
386	475
386	740
386	864
386	913
386	946
386	976
387	187
387	508
387	686
387	824
387	835
387	868
387	944
388	246
388	527
388	587
388	655
388	769
388	773
388	801
389	489
389	585
389	820
389	860
389	921
389	929
389	969
390	498
390	636
390	740
390	843
390	864
390	896
390	943
391	338
391	451
391	783
391	816
391	881
391	886
391	986
392	380
392	500
392	536
392	780
392	811
392	906
392	923
393	337
393	481
393	624
393	650
393	875
393	921
393	979
394	137
394	273
394	332
394	571
394	752
394	937
394	969
395	26
395	43
395	84
395	228
395	695
395	866
395	999
396	9
396	181
396	262
396	325
396	373
396	694
396	783
397	564
397	569
397	846
397	902
397	938
397	944
397	980
398	95
398	206
398	256
398	653
398	658
398	807
398	971
399	85
399	99
399	321
399	835
399	858
399	884
399	982
400	199
400	487
400	578
400	678
400	714
400	767
400	974
401	16
401	164
401	414
401	540
401	660
401	755
401	787
402	158
402	202
402	229
402	457
402	502
402	649
402	969
403	574
403	656
403	794
403	828
403	909
403	962
403	974
404	457
404	665
404	699
404	750
404	857
404	959
404	969
405	360
405	513
405	590
405	652
405	732
405	933
405	951
406	206
406	325
406	459
406	643
406	790
406	890
406	958
407	472
407	750
407	760
407	919
407	933
407	963
407	979
408	431
408	483
408	652
408	694
408	815
408	820
408	920
409	93
409	171
409	238
409	449
409	829
409	904
409	949
410	98
410	638
410	787
410	879
410	887
410	904
410	945
411	587
411	720
411	737
411	888
411	936
411	960
411	967
412	266
412	337
412	591
412	722
412	929
412	933
412	941
413	48
413	162
413	610
413	651
413	921
413	924
413	959
414	286
414	401
414	623
414	672
414	740
414	799
414	973
415	127
415	455
415	775
415	858
415	884
415	890
415	898
416	298
416	438
416	479
416	746
416	794
416	898
416	938
417	287
417	351
417	374
417	436
417	553
417	613
417	913
418	420
418	565
418	702
418	776
418	852
418	861
418	911
419	77
419	563
419	759
419	795
419	895
419	951
419	957
420	164
420	169
420	209
420	418
420	589
420	819
420	973
421	130
421	589
421	721
421	748
421	903
421	929
421	946
422	5
422	348
422	666
422	726
422	824
422	853
422	871
423	333
423	450
423	520
423	669
423	867
423	916
423	977
424	449
424	698
424	799
424	855
424	873
424	984
424	988
425	97
425	142
425	244
425	523
425	545
425	955
425	999
426	484
426	604
426	656
426	718
426	814
426	948
426	992
427	115
427	311
427	756
427	767
427	836
427	872
427	915
428	452
428	510
428	878
428	926
428	975
428	989
428	999
429	297
429	617
429	704
429	891
429	934
429	964
429	999
430	47
430	369
430	748
430	897
430	901
430	917
430	924
431	6
431	408
431	519
431	835
431	882
431	947
431	982
432	87
432	549
432	606
432	713
432	775
432	901
432	992
433	288
433	520
433	544
433	711
433	870
433	926
433	930
434	174
434	371
434	504
434	842
434	889
434	946
434	964
435	538
435	700
435	722
435	780
435	796
435	836
435	941
436	417
436	557
436	725
436	813
436	913
436	929
436	992
437	140
437	378
437	579
437	897
437	912
437	955
437	1000
438	276
438	287
438	373
438	381
438	416
438	866
438	953
439	188
439	561
439	605
439	671
439	865
439	955
439	982
440	291
440	619
440	714
440	718
440	929
440	946
440	972
441	359
441	377
441	582
441	747
441	855
441	970
441	986
442	36
442	489
442	502
442	559
442	797
442	870
442	879
443	481
443	493
443	828
443	878
443	893
443	939
443	977
444	143
444	182
444	491
444	747
444	782
444	954
444	988
445	233
445	245
445	517
445	594
445	713
445	879
445	981
446	106
446	204
446	506
446	638
446	789
446	902
446	918
447	11
447	296
447	492
447	552
447	668
447	907
447	990
448	288
448	541
448	557
448	653
448	818
448	842
448	888
449	180
449	409
449	424
449	605
449	607
449	807
449	967
450	296
450	374
450	423
450	743
450	817
450	999
450	1000
451	306
451	391
451	755
451	823
451	862
451	914
451	960
452	428
452	580
452	824
452	829
452	891
452	910
452	991
453	733
453	746
453	777
453	878
453	897
453	913
453	956
454	279
454	289
454	458
454	490
454	956
454	958
454	986
455	279
455	415
455	868
455	912
455	934
455	972
455	978
456	167
456	346
456	602
456	609
456	826
456	835
456	995
457	331
457	402
457	404
457	722
457	736
457	770
457	815
458	454
458	816
458	878
458	909
458	940
458	955
458	994
459	238
459	406
459	578
459	809
459	848
459	886
459	981
460	13
460	324
460	490
460	503
460	756
460	769
460	844
461	214
461	758
461	793
461	800
461	811
461	933
461	978
462	278
462	496
462	655
462	769
462	770
462	870
462	937
463	875
463	938
463	955
463	961
463	963
463	966
463	987
464	303
464	622
464	845
464	854
464	986
464	989
464	992
464	999
465	1
465	744
465	768
465	830
465	972
465	983
465	989
465	999
466	175
466	181
466	202
466	659
466	741
466	797
466	800
466	862
467	299
467	345
467	491
467	831
467	861
467	954
467	967
467	995
468	138
468	826
468	838
468	913
468	939
468	965
468	971
468	989
469	154
469	326
469	537
469	553
469	707
469	867
469	878
469	950
470	90
470	100
470	568
470	864
470	883
470	930
470	948
470	993
471	93
471	242
471	713
471	891
471	922
471	957
471	981
471	991
472	407
472	607
472	646
472	821
472	924
472	965
472	983
472	990
473	326
473	486
473	938
473	939
473	940
473	973
473	980
473	991
474	203
474	385
474	546
474	834
474	866
474	914
474	946
474	974
475	19
475	34
475	386
475	675
475	864
475	891
475	921
475	949
476	55
476	125
476	157
476	769
476	780
476	905
476	950
476	986
477	358
477	505
477	707
477	860
477	891
477	904
477	920
477	986
478	25
478	305
478	509
478	673
478	686
478	813
478	912
478	928
479	416
479	526
479	575
479	695
479	737
479	790
479	928
479	1000
480	550
480	726
480	748
480	764
480	941
480	955
480	978
480	987
481	146
481	393
481	443
481	626
481	632
481	681
481	854
481	954
482	273
482	541
482	564
482	635
482	810
482	866
482	951
482	969
483	122
483	408
483	529
483	627
483	648
483	692
483	911
483	935
484	426
484	595
484	651
484	724
484	741
484	905
484	932
484	984
485	276
485	297
485	346
485	582
485	628
485	892
485	955
485	984
486	216
486	280
486	335
486	473
486	599
486	632
486	864
486	927
487	289
487	400
487	564
487	582
487	829
487	847
487	906
487	923
488	71
488	239
488	632
488	638
488	722
488	743
488	852
488	891
489	296
489	389
489	442
489	502
489	862
489	882
489	887
489	888
490	454
490	460
490	559
490	609
490	745
490	826
490	879
490	925
491	165
491	444
491	467
491	765
491	882
491	934
491	938
491	995
492	235
492	447
492	628
492	788
492	803
492	835
492	875
492	889
493	443
493	634
493	686
493	758
493	842
493	883
493	893
493	957
494	234
494	578
494	691
494	775
494	840
494	895
494	935
494	970
495	117
495	300
495	558
495	682
495	738
495	796
495	918
495	960
496	462
496	729
496	731
496	901
496	951
496	958
496	966
496	996
497	242
497	499
497	544
497	568
497	752
497	775
497	914
497	971
498	227
498	243
498	390
498	577
498	700
498	717
498	910
498	927
499	103
499	362
499	497
499	775
499	849
499	917
499	933
499	959
500	370
500	392
500	737
500	911
500	914
500	932
500	960
500	996
501	109
501	301
501	552
501	627
501	724
501	728
501	901
501	921
502	402
502	442
502	489
502	589
502	659
502	780
502	812
502	882
503	263
503	311
503	349
503	460
503	568
503	740
503	756
503	966
504	108
504	180
504	293
504	434
504	596
504	627
504	871
504	916
505	33
505	477
505	745
505	768
505	898
505	926
505	927
505	967
506	20
506	189
506	224
506	305
506	446
506	543
506	921
506	994
507	31
507	545
507	631
507	691
507	731
507	840
507	894
507	980
508	41
508	387
508	582
508	588
508	750
508	826
508	900
508	905
509	31
509	199
509	478
509	539
509	749
509	980
509	993
509	994
510	263
510	286
510	428
510	517
510	760
510	801
510	869
510	885
511	357
511	610
511	811
511	842
511	858
511	861
511	916
511	994
512	41
512	69
512	353
512	681
512	690
512	747
512	765
512	796
513	96
513	99
513	405
513	650
513	798
513	833
513	857
513	937
514	27
514	248
514	359
514	843
514	915
514	926
514	959
514	976
515	307
515	742
515	824
515	909
515	921
515	963
515	979
515	980
516	139
516	742
516	780
516	846
516	859
516	889
516	896
516	994
517	293
517	318
517	445
517	510
517	715
517	718
517	802
517	936
518	128
518	156
518	171
518	634
518	779
518	792
518	874
518	911
519	210
519	339
519	431
519	648
519	851
519	937
519	979
519	982
520	218
520	423
520	433
520	676
520	772
520	818
520	883
520	978
521	130
521	791
521	840
521	853
521	877
521	919
521	948
521	993
522	98
522	165
522	574
522	747
522	784
522	936
522	984
522	995
523	47
523	238
523	425
523	549
523	551
523	876
523	890
523	927
524	159
524	743
524	840
524	869
524	877
524	917
524	919
524	967
525	341
525	562
525	597
525	855
525	896
525	903
525	976
525	983
526	207
526	379
526	479
526	789
526	904
526	921
526	961
526	987
527	126
527	289
527	388
527	629
527	687
527	844
527	929
527	987
528	602
528	667
528	789
528	863
528	927
528	947
528	958
528	996
529	206
529	483
529	581
529	816
529	856
529	958
529	986
529	996
530	175
530	221
530	738
530	928
530	939
530	956
530	966
530	1000
531	10
531	214
531	341
531	708
531	892
531	908
531	913
531	934
532	163
532	536
532	765
532	817
532	843
532	887
532	893
532	964
533	35
533	346
533	594
533	770
533	790
533	858
533	870
533	885
534	39
534	249
534	692
534	699
534	727
534	852
534	893
534	917
535	185
535	262
535	596
535	657
535	853
535	896
535	912
535	945
536	174
536	354
536	392
536	532
536	798
536	935
536	947
536	964
537	33
537	210
537	469
537	601
537	853
537	899
537	926
537	975
538	435
538	666
538	805
538	836
538	841
538	851
538	943
538	973
539	146
539	509
539	744
539	745
539	825
539	834
539	840
539	903
540	61
540	292
540	321
540	401
540	683
540	838
540	855
540	949
541	258
541	324
541	448
541	482
541	696
541	837
541	856
541	917
542	295
542	681
542	692
542	694
542	786
542	894
542	972
542	976
543	227
543	267
543	363
543	506
543	565
543	713
543	940
543	949
544	162
544	243
544	433
544	497
544	556
544	576
544	851
544	931
545	425
545	507
545	553
545	576
545	852
545	891
545	926
545	950
546	119
546	190
546	474
546	627
546	639
546	796
546	916
546	937
547	65
547	107
547	287
547	327
547	691
547	699
547	730
547	922
548	110
548	303
548	654
548	670
548	766
548	782
548	936
548	957
548	997
549	28
549	296
549	329
549	432
549	523
549	614
549	710
549	871
549	877
550	193
550	273
550	291
550	480
550	759
550	874
550	961
550	981
550	995
551	46
551	149
551	339
551	366
551	382
551	523
551	763
551	881
551	904
552	61
552	206
552	253
552	447
552	501
552	584
552	728
552	858
552	972
553	283
553	417
553	469
553	545
553	707
553	772
553	841
553	930
553	988
554	327
554	333
554	349
554	377
554	659
554	756
554	966
554	986
554	1000
555	32
555	63
555	566
555	764
555	810
555	903
555	929
555	963
555	981
556	317
556	544
556	570
556	662
556	887
556	888
556	929
556	981
556	987
557	143
557	436
557	448
557	584
557	669
557	727
557	774
557	895
557	933
558	194
558	236
558	240
558	339
558	495
558	678
558	846
558	903
558	918
559	251
559	442
559	490
559	609
559	843
559	867
559	885
559	893
559	989
560	216
560	232
560	710
560	778
560	827
560	900
560	905
560	970
560	983
561	101
561	355
561	439
561	593
561	836
561	851
561	856
561	954
561	987
562	19
562	525
562	698
562	740
562	793
562	900
562	970
562	977
562	983
563	148
563	419
563	570
563	642
563	676
563	822
563	956
563	970
563	996
564	397
564	482
564	487
564	602
564	619
564	754
564	811
564	946
564	969
565	66
565	133
565	343
565	418
565	543
565	799
565	859
565	937
565	940
566	72
566	286
566	325
566	555
566	671
566	696
566	969
566	986
566	988
567	271
567	374
567	719
567	760
567	819
567	899
567	927
567	934
567	942
568	470
568	497
568	503
568	775
568	801
568	876
568	912
568	963
568	972
569	166
569	397
569	775
569	812
569	843
569	939
569	967
569	978
569	980
570	140
570	330
570	556
570	563
570	672
570	708
570	718
570	801
570	831
571	37
571	394
571	652
571	794
571	812
571	894
571	929
571	949
571	971
572	651
572	761
572	786
572	825
572	861
572	906
572	916
572	923
572	968
573	65
573	171
573	593
573	686
573	876
573	883
573	963
573	971
573	979
574	338
574	403
574	522
574	662
574	672
574	873
574	915
574	977
574	980
575	84
575	275
575	297
575	479
575	597
575	853
575	934
575	972
575	997
576	239
576	544
576	545
576	645
576	871
576	916
576	924
576	933
576	968
577	58
577	367
577	498
577	602
577	612
577	618
577	821
577	872
577	987
578	400
578	459
578	494
578	753
578	860
578	883
578	945
578	968
578	974
579	307
579	437
579	668
579	702
579	763
579	764
579	881
579	892
579	982
580	337
580	356
580	452
580	694
580	696
580	707
580	730
580	776
580	896
581	159
581	529
581	588
581	737
581	772
581	778
581	812
581	895
581	935
582	126
582	441
582	485
582	487
582	508
582	765
582	878
582	883
582	896
583	640
583	746
583	804
583	848
583	873
583	892
583	943
583	945
583	997
584	552
584	557
584	704
584	781
584	857
584	939
584	965
584	980
584	987
585	161
585	389
585	757
585	809
585	827
585	860
585	894
585	920
585	937
586	681
586	808
586	814
586	826
586	898
586	914
586	942
586	944
586	946
587	131
587	231
587	388
587	411
587	701
587	814
587	872
587	947
587	963
588	42
588	181
588	508
588	581
588	741
588	758
588	802
588	842
588	873
589	38
589	237
589	277
589	420
589	421
589	502
589	635
589	902
589	950
590	69
590	182
590	312
590	405
590	632
590	684
590	893
590	918
590	991
591	123
591	246
591	358
591	412
591	675
591	705
591	722
591	727
591	753
592	75
592	640
592	789
592	802
592	819
592	901
592	921
592	969
592	973
593	377
593	561
593	573
593	656
593	782
593	804
593	882
593	916
593	990
594	292
594	445
594	533
594	605
594	715
594	839
594	871
594	894
594	979
595	333
595	354
595	484
595	813
595	823
595	854
595	855
595	870
595	990
596	312
596	504
596	535
596	745
596	803
596	860
596	943
596	954
596	967
597	116
597	230
597	525
597	575
597	698
597	789
597	800
597	904
597	934
598	380
598	633
598	725
598	767
598	812
598	835
598	923
598	983
598	988
599	11
599	77
599	223
599	290
599	486
599	801
599	806
599	964
599	988
600	24
600	141
600	330
600	621
600	661
600	842
600	860
600	880
600	887
601	225
601	264
601	537
601	683
601	686
601	833
601	943
601	957
601	971
602	317
602	456
602	528
602	564
602	577
602	613
602	623
602	958
602	996
603	73
603	94
603	227
603	252
603	364
603	652
603	661
603	800
603	981
604	180
604	426
604	620
604	772
604	779
604	856
604	941
604	964
604	977
605	373
605	439
605	449
605	594
605	824
605	826
605	906
605	948
605	981
606	200
606	432
606	699
606	724
606	726
606	754
606	915
606	945
606	973
606	978
607	449
607	472
607	739
607	749
607	761
607	861
607	932
607	940
607	976
607	998
608	300
608	302
608	337
608	703
608	727
608	811
608	856
608	936
608	941
608	979
609	172
609	319
609	456
609	490
609	559
609	650
609	795
609	914
609	917
609	932
610	46
610	175
610	413
610	511
610	711
610	832
610	851
610	960
610	993
610	999
611	623
611	628
611	720
611	787
611	812
611	825
611	871
611	914
611	971
611	987
612	170
612	577
612	667
612	748
612	794
612	801
612	827
612	912
612	962
612	969
613	352
613	417
613	602
613	758
613	824
613	835
613	857
613	893
613	913
613	941
614	44
614	153
614	178
614	374
614	549
614	703
614	892
614	940
614	948
614	993
615	16
615	36
615	292
615	654
615	659
615	746
615	822
615	828
615	866
615	997
616	376
616	378
616	617
616	666
616	677
616	682
616	690
616	819
616	884
616	965
617	107
617	429
617	616
617	712
617	732
617	800
617	843
617	888
617	933
617	936
618	27
618	145
618	273
618	282
618	577
618	621
618	878
618	897
618	938
618	950
619	440
619	564
619	625
619	649
619	712
619	826
619	905
619	912
619	914
619	972
620	114
620	604
620	666
620	685
620	815
620	863
620	937
620	942
620	964
620	998
621	7
621	195
621	275
621	371
621	600
621	618
621	896
621	931
621	966
621	993
622	45
622	321
622	464
622	683
622	684
622	686
622	741
622	802
622	899
622	958
623	60
623	414
623	602
623	611
623	890
623	939
623	958
623	992
623	995
623	996
624	316
624	351
624	393
624	633
624	648
624	674
624	753
624	825
624	899
624	995
625	342
625	619
625	704
625	717
625	759
625	830
625	848
625	866
625	895
625	951
626	320
626	370
626	481
626	657
626	658
626	663
626	693
626	751
626	917
626	997
627	120
627	483
627	501
627	504
627	546
627	664
627	772
627	796
627	921
627	925
628	235
628	247
628	485
628	492
628	611
628	661
628	702
628	784
628	945
628	997
629	83
629	133
629	527
629	702
629	730
629	785
629	878
629	897
629	942
629	991
630	232
630	334
630	733
630	771
630	828
630	856
630	900
630	927
630	940
630	996
631	76
631	288
631	507
631	799
631	917
631	924
631	936
631	940
631	949
631	994
632	332
632	481
632	486
632	488
632	590
632	707
632	918
632	920
632	951
632	981
633	75
633	219
633	245
633	598
633	624
633	655
633	830
633	877
633	904
633	936
634	279
634	365
634	493
634	518
634	642
634	779
634	913
634	958
634	966
634	994
635	127
635	184
635	243
635	381
635	482
635	589
635	885
635	975
635	985
635	1000
636	383
636	390
636	726
636	832
636	875
636	880
636	900
636	920
636	932
636	998
637	22
637	363
637	694
637	719
637	737
637	898
637	908
637	934
637	943
637	951
638	149
638	410
638	446
638	488
638	642
638	802
638	865
638	949
638	963
638	978
639	168
639	198
639	317
639	546
639	726
639	736
639	780
639	933
639	957
639	963
640	219
640	583
640	592
640	662
640	663
640	668
640	708
640	860
640	864
640	985
641	20
641	91
641	343
641	680
641	865
641	868
641	934
641	936
641	956
641	998
642	89
642	145
642	563
642	634
642	638
642	759
642	782
642	796
642	925
642	930
643	23
643	112
643	406
643	704
643	790
643	857
643	871
643	872
643	956
643	967
644	101
644	123
644	181
644	245
644	315
644	670
644	792
644	825
644	848
644	992
645	224
645	232
645	576
645	821
645	824
645	835
645	882
645	886
645	952
645	1000
646	472
646	657
646	711
646	774
646	790
646	816
646	860
646	897
646	979
646	998
647	282
647	750
647	814
647	865
647	868
647	874
647	888
647	945
647	947
647	952
648	315
648	483
648	519
648	624
648	718
648	721
648	922
648	976
648	981
648	999
649	58
649	102
649	250
649	270
649	402
649	619
649	843
649	865
649	972
649	975
650	335
650	366
650	393
650	513
650	609
650	763
650	837
650	894
650	944
650	985
651	15
651	354
651	383
651	413
651	484
651	572
651	709
651	741
651	879
651	973
652	222
652	333
652	405
652	408
652	571
652	603
652	768
652	884
652	954
652	963
652	979
653	241
653	274
653	398
653	448
653	694
653	876
653	963
653	978
653	979
653	996
653	1000
654	92
654	136
654	215
654	263
654	302
654	548
654	615
654	772
654	881
654	979
654	997
655	388
655	462
655	633
655	656
655	717
655	773
655	824
655	935
655	947
655	954
655	960
656	334
656	403
656	426
656	593
656	655
656	731
656	749
656	770
656	773
656	882
656	926
657	250
657	535
657	626
657	646
657	744
657	825
657	845
657	903
657	907
657	963
657	998
658	70
658	150
658	398
658	626
658	828
658	839
658	866
658	902
658	917
658	946
658	954
659	378
659	466
659	502
659	554
659	615
659	666
659	798
659	886
659	895
659	957
659	986
660	24
660	401
660	697
660	700
660	735
660	776
660	828
660	833
660	846
660	908
660	965
661	34
661	94
661	130
661	600
661	603
661	628
661	770
661	781
661	800
661	898
661	965
662	139
662	289
662	556
662	574
662	640
662	753
662	821
662	887
662	939
662	974
662	997
663	82
663	626
663	640
663	666
663	701
663	739
663	840
663	912
663	925
663	967
663	984
664	301
664	627
664	696
664	823
664	833
664	864
664	888
664	894
664	904
664	970
664	987
665	78
665	404
665	679
665	705
665	748
665	915
665	946
665	957
665	959
665	971
665	974
666	422
666	538
666	616
666	620
666	659
666	663
666	846
666	869
666	871
666	904
666	994
667	528
667	612
667	707
667	745
667	751
667	799
667	807
667	874
667	906
667	944
667	973
668	447
668	579
668	640
668	711
668	763
668	804
668	892
668	919
668	945
668	970
668	974
669	18
669	23
669	423
669	557
669	671
669	805
669	813
669	817
669	930
669	969
669	988
670	548
670	644
670	753
670	777
670	849
670	891
670	898
670	919
670	927
670	928
670	951
671	238
671	439
671	566
671	669
671	764
671	811
671	833
671	845
671	848
671	988
671	990
672	414
672	570
672	574
672	775
672	778
672	880
672	883
672	904
672	975
672	977
672	982
673	203
673	223
673	276
673	478
673	741
673	803
673	813
673	826
673	913
673	939
673	1000
674	208
674	358
674	624
674	719
674	789
674	863
674	899
674	944
674	964
674	982
674	995
675	52
675	375
675	475
675	591
675	744
675	755
675	912
675	921
675	956
675	961
675	978
676	239
676	277
676	520
676	563
676	773
676	822
676	860
676	903
676	906
676	944
676	956
677	277
677	346
677	616
677	684
677	734
677	776
677	797
677	852
677	905
677	920
677	960
678	79
678	317
678	353
678	400
678	558
678	694
678	743
678	768
678	799
678	858
678	944
679	192
679	200
679	665
679	712
679	752
679	755
679	769
679	806
679	838
679	901
679	994
680	76
680	310
680	641
680	726
680	784
680	802
680	831
680	873
680	917
680	922
680	941
681	22
681	481
681	512
681	542
681	586
681	731
681	791
681	899
681	945
681	973
681	996
682	24
682	294
682	495
682	616
682	762
682	769
682	819
682	863
682	947
682	957
682	965
683	59
683	284
683	369
683	540
683	601
683	622
683	757
683	833
683	844
683	870
683	935
684	79
684	314
684	590
684	622
684	677
684	717
684	804
684	832
684	906
684	930
684	938
685	53
685	132
685	240
685	620
685	805
685	806
685	878
685	918
685	928
685	984
685	1000
686	54
686	73
686	146
686	371
686	387
686	478
686	493
686	573
686	601
686	622
686	948
687	51
687	117
687	162
687	283
687	349
687	527
687	769
687	796
687	832
687	890
687	961
688	68
688	127
688	144
688	158
688	767
688	780
688	853
688	870
688	909
688	982
688	999
689	357
689	744
689	769
689	795
689	811
689	825
689	861
689	874
689	886
689	903
689	995
690	25
690	169
690	361
690	512
690	616
690	765
690	817
690	899
690	985
690	990
690	994
691	255
691	292
691	308
691	340
691	494
691	507
691	547
691	784
691	805
691	905
691	946
692	213
692	248
692	328
692	483
692	534
692	542
692	696
692	862
692	872
692	884
692	976
693	125
693	358
693	626
693	729
693	758
693	821
693	856
693	904
693	909
693	978
693	979
694	396
694	408
694	542
694	580
694	637
694	653
694	678
694	737
694	770
694	908
694	982
695	166
695	331
695	395
695	479
695	884
695	906
695	918
695	923
695	967
695	970
695	996
696	126
696	290
696	541
696	566
696	580
696	664
696	692
696	842
696	873
696	970
696	976
697	205
697	365
697	660
697	725
697	812
697	858
697	868
697	890
697	911
697	988
697	993
698	59
698	424
698	562
698	597
698	708
698	742
698	773
698	778
698	902
698	922
698	965
699	297
699	376
699	404
699	534
699	547
699	606
699	742
699	836
699	842
699	938
699	939
699	980
700	24
700	435
700	498
700	660
700	831
700	898
700	920
700	924
700	927
700	969
700	970
700	995
701	30
701	219
701	314
701	587
701	663
701	736
701	739
701	747
701	758
701	836
701	872
701	984
702	129
702	187
702	193
702	418
702	579
702	628
702	629
702	752
702	771
702	829
702	891
702	977
703	608
703	614
703	705
703	716
703	735
703	781
703	809
703	810
703	849
703	860
703	920
703	983
704	34
704	220
704	429
704	584
704	625
704	643
704	762
704	790
704	850
704	971
705	17
705	52
705	591
705	665
705	703
705	751
705	762
705	797
705	857
705	894
705	915
705	959
706	130
706	717
706	805
706	823
706	850
706	933
706	943
706	950
706	952
706	989
706	992
706	997
707	149
707	267
707	283
707	340
707	469
707	477
707	553
707	580
707	632
707	667
707	831
707	992
708	5
708	200
708	240
708	261
708	271
708	531
708	570
708	640
708	698
708	857
708	975
708	992
709	231
709	376
709	651
709	710
709	764
709	771
709	808
709	907
709	926
709	938
709	939
709	999
710	77
710	105
710	156
710	223
710	549
710	560
710	709
710	726
710	831
710	835
710	869
710	890
711	36
711	53
711	266
711	326
711	433
711	610
711	646
711	668
711	785
711	833
711	866
711	921
712	118
712	273
712	363
712	617
712	619
712	679
712	750
712	777
712	814
712	936
712	951
712	954
713	432
713	445
713	471
713	543
713	741
713	841
713	877
713	901
713	938
713	949
713	972
713	986
714	230
714	295
714	309
714	400
714	440
714	760
714	765
714	850
714	886
714	929
714	952
714	999
715	44
715	60
715	159
715	233
715	517
715	594
715	823
715	879
715	888
715	901
715	917
715	931
716	32
716	86
716	128
716	142
716	331
716	703
716	758
716	763
716	824
716	925
716	976
717	498
717	625
717	655
717	684
717	706
717	718
717	804
717	812
717	843
717	864
717	949
717	988
718	243
718	271
718	371
718	426
718	440
718	517
718	570
718	648
718	717
718	855
718	879
718	956
719	270
719	310
719	567
719	637
719	674
719	745
719	752
719	802
719	824
719	861
719	958
719	971
720	56
720	118
720	236
720	411
720	611
720	767
720	807
720	899
720	914
720	942
720	986
720	990
721	2
721	17
721	49
721	421
721	648
721	736
721	779
721	867
721	878
721	907
721	926
721	989
722	63
722	70
722	85
722	246
722	412
722	435
722	457
722	488
722	591
722	727
722	976
722	983
723	10
723	120
723	301
723	759
723	808
723	811
723	838
723	886
723	895
723	930
723	978
723	991
724	287
724	484
724	501
724	606
724	781
724	793
724	807
724	830
724	954
724	973
724	987
724	995
725	1
725	124
725	185
725	209
725	221
725	436
725	598
725	697
725	767
725	787
725	849
725	997
726	349
726	360
726	422
726	480
726	606
726	636
726	639
726	680
726	710
726	924
726	931
726	989
727	83
727	294
727	534
727	557
727	591
727	608
727	722
727	738
727	783
727	785
727	880
727	941
728	2
728	253
728	283
728	308
728	375
728	381
728	501
728	552
728	850
728	863
728	912
728	998
729	183
729	197
729	280
729	328
729	496
729	693
729	786
729	788
729	909
729	912
729	915
729	981
730	303
730	547
730	580
730	629
730	746
730	780
730	802
730	805
730	833
730	854
730	872
730	931
731	245
731	316
731	353
731	496
731	507
731	656
731	681
731	793
731	808
731	901
731	913
731	953
732	258
732	405
732	617
732	790
732	794
732	800
732	821
732	912
732	921
732	927
732	933
732	994
733	5
733	40
733	453
733	630
733	748
733	838
733	894
733	926
733	952
733	955
733	978
733	997
734	270
734	375
734	677
734	792
734	850
734	928
734	942
734	950
734	967
734	975
734	981
734	985
735	105
735	128
735	164
735	259
735	366
735	660
735	703
735	791
735	846
735	853
735	934
735	940
736	262
736	339
736	457
736	639
736	701
736	721
736	802
736	809
736	836
736	873
736	936
736	949
737	191
737	194
737	411
737	479
737	500
737	581
737	637
737	694
737	793
737	875
737	889
737	908
737	963
738	90
738	258
738	332
738	353
738	495
738	530
738	727
738	740
738	868
738	892
738	894
738	919
738	989
739	45
739	94
739	607
739	663
739	701
739	850
739	893
739	941
739	942
739	976
739	984
739	992
739	993
740	54
740	280
740	386
740	390
740	414
740	503
740	562
740	738
740	919
740	923
740	950
740	964
740	976
741	56
741	466
741	484
741	588
741	622
741	651
741	673
741	713
741	785
741	833
741	865
741	932
741	962
742	129
742	231
742	247
742	515
742	516
742	698
742	699
742	828
742	845
742	883
742	922
742	937
742	983
743	38
743	305
743	450
743	488
743	524
743	678
743	845
743	872
743	937
743	944
743	953
743	959
743	980
744	100
744	176
744	465
744	539
744	657
744	675
744	689
744	761
744	803
744	839
744	903
744	932
744	991
745	490
745	505
745	539
745	596
745	667
745	719
745	785
745	841
745	852
745	909
745	925
745	935
745	953
746	416
746	453
746	583
746	615
746	730
746	805
746	914
746	928
746	972
746	979
746	988
746	999
746	1000
747	310
747	441
747	444
747	512
747	522
747	701
747	792
747	836
747	837
747	895
747	919
747	947
747	954
748	329
748	421
748	430
748	480
748	612
748	665
748	733
748	759
748	827
748	828
748	856
748	874
748	896
749	343
749	509
749	607
749	656
749	777
749	819
749	889
749	950
749	969
749	971
749	974
749	994
749	999
750	44
750	50
750	345
750	404
750	407
750	508
750	647
750	712
750	868
750	879
750	905
750	973
750	986
751	14
751	117
751	313
751	626
751	667
751	705
751	782
751	819
751	831
751	946
751	953
751	997
751	999
752	250
752	394
752	497
752	679
752	702
752	719
752	829
752	852
752	885
752	903
752	920
752	960
752	983
753	197
753	578
753	591
753	624
753	662
753	670
753	781
753	852
753	881
753	887
753	972
753	974
753	991
754	59
754	158
754	270
754	280
754	287
754	564
754	606
754	772
754	824
754	879
754	894
754	905
754	981
755	401
755	451
755	675
755	679
755	757
755	766
755	804
755	807
755	880
755	923
755	937
755	964
755	993
756	115
756	129
756	145
756	186
756	259
756	427
756	460
756	503
756	554
756	863
756	872
756	955
756	986
757	88
757	111
757	585
757	683
757	755
757	787
757	800
757	820
757	871
757	880
757	944
757	964
757	998
758	169
758	461
758	493
758	588
758	613
758	693
758	701
758	716
758	763
758	869
758	930
759	275
759	419
759	550
759	625
759	642
759	723
759	748
759	784
759	816
759	895
759	910
759	982
759	984
760	85
760	407
760	510
760	567
760	714
760	779
760	798
760	799
760	850
760	853
760	925
760	964
760	982
761	260
761	328
761	572
761	607
761	744
761	822
761	845
761	869
761	929
761	932
761	951
761	960
761	964
762	122
762	261
762	308
762	363
762	682
762	704
762	705
762	835
762	896
762	960
762	964
762	994
762	998
763	118
763	183
763	188
763	331
763	551
763	579
763	650
763	668
763	716
763	758
763	787
763	873
763	932
763	996
764	111
764	147
764	225
764	480
764	555
764	579
764	671
764	709
764	790
764	791
764	852
764	860
764	973
764	998
765	154
765	278
765	340
765	491
765	512
765	532
765	582
765	690
765	714
765	798
765	899
765	956
765	971
765	984
766	22
766	45
766	57
766	259
766	324
766	548
766	755
766	845
766	884
766	922
766	938
766	940
766	965
766	983
767	226
767	400
767	427
767	598
767	688
767	720
767	725
767	778
767	783
767	786
767	827
767	874
767	962
767	975
768	305
768	322
768	352
768	465
768	505
768	652
768	678
768	789
768	812
768	907
768	918
768	925
768	944
768	982
769	202
769	336
769	371
769	388
769	460
769	462
769	476
769	679
769	682
769	687
769	689
769	820
769	912
769	989
770	457
770	462
770	533
770	656
770	661
770	694
770	795
770	827
770	868
770	885
770	925
770	939
770	956
770	976
771	234
771	630
771	702
771	709
771	774
771	776
771	814
771	818
771	847
771	955
771	961
771	970
771	987
772	244
772	249
772	348
772	372
772	520
772	553
772	581
772	604
772	627
772	654
772	754
772	788
772	933
772	941
773	60
773	182
773	190
773	206
773	336
773	371
773	377
773	388
773	655
773	656
773	676
773	698
773	786
773	912
774	23
774	93
774	127
774	355
774	557
774	646
774	771
774	781
774	791
774	902
774	932
774	943
774	982
774	997
775	103
775	415
775	432
775	494
775	497
775	499
775	568
775	569
775	672
775	779
775	829
775	892
775	987
775	999
776	210
776	257
776	370
776	418
776	580
776	660
776	677
776	771
776	787
776	847
776	856
776	866
776	890
776	995
777	35
777	74
777	128
777	267
777	286
777	372
777	453
777	670
777	712
777	749
777	803
777	898
777	922
777	927
778	38
778	68
778	560
778	581
778	672
778	698
778	767
778	867
778	903
778	920
778	926
778	928
778	973
778	999
779	338
779	374
779	518
779	604
779	634
779	721
779	760
779	775
779	794
779	809
779	872
779	909
779	914
779	923
780	15
780	392
780	435
780	476
780	502
780	516
780	639
780	688
780	730
780	814
780	828
780	898
780	970
780	989
781	238
781	336
781	584
781	661
781	703
781	724
781	753
781	774
781	816
781	901
781	902
781	943
781	959
781	996
782	444
782	548
782	593
782	642
782	751
782	818
782	841
782	864
782	885
782	894
782	946
782	947
782	990
782	997
783	141
783	262
783	265
783	314
783	350
783	373
783	391
783	396
783	727
783	767
783	938
783	939
783	976
783	996
784	522
784	628
784	680
784	691
784	759
784	788
784	834
784	858
784	869
784	882
784	926
784	928
784	981
784	995
785	48
785	230
785	267
785	379
785	629
785	711
785	727
785	741
785	745
785	815
785	920
785	929
785	958
785	974
786	13
786	112
786	354
786	542
786	572
786	729
786	767
786	773
786	788
786	906
786	932
786	959
786	971
786	993
787	245
787	246
787	401
787	410
787	611
787	725
787	757
787	763
787	776
787	795
787	808
787	879
787	914
787	996
788	43
788	154
788	492
788	729
788	772
788	784
788	786
788	793
788	885
788	895
788	906
788	920
788	923
788	928
789	143
789	221
789	223
789	347
789	446
789	526
789	528
789	592
789	597
789	674
789	768
789	838
789	952
789	991
790	23
790	51
790	406
790	479
790	533
790	643
790	646
790	704
790	732
790	764
790	914
790	945
790	949
790	997
791	217
791	279
791	372
791	521
791	681
791	735
791	764
791	774
791	834
791	855
791	873
791	902
791	973
791	978
792	8
792	123
792	235
792	315
792	518
792	644
792	734
792	747
792	896
792	924
792	934
792	959
792	980
792	998
793	179
793	330
793	461
793	562
793	724
793	731
793	737
793	788
793	799
793	810
793	881
793	909
793	968
793	990
794	92
794	228
794	244
794	403
794	416
794	571
794	612
794	732
794	779
794	927
794	948
794	988
794	996
794	998
795	419
795	609
795	689
795	770
795	787
795	869
795	871
795	878
795	936
795	969
795	974
795	983
795	994
795	995
796	357
796	435
796	495
796	512
796	546
796	627
796	642
796	687
796	877
796	922
796	930
796	945
796	963
796	976
797	28
797	80
797	91
797	228
797	442
797	466
797	677
797	705
797	814
797	900
797	904
797	910
797	988
797	995
798	6
798	42
798	87
798	225
798	309
798	513
798	536
798	659
798	760
798	765
798	801
798	872
798	879
798	935
799	64
799	133
799	367
799	414
799	424
799	565
799	631
799	667
799	678
799	760
799	793
799	810
799	876
799	953
800	20
800	357
800	461
800	466
800	597
800	603
800	617
800	661
800	732
800	757
800	891
800	902
800	910
800	933
800	982
801	154
801	233
801	388
801	510
801	568
801	570
801	599
801	612
801	798
801	831
801	891
801	924
801	950
802	198
802	517
802	588
802	592
802	622
802	638
802	680
802	719
802	730
802	736
802	830
802	836
802	840
802	916
802	993
803	102
803	114
803	148
803	276
803	307
803	492
803	596
803	673
803	744
803	777
803	807
803	915
803	953
803	973
803	980
804	260
804	316
804	583
804	593
804	668
804	684
804	717
804	755
804	825
804	838
804	856
804	892
804	905
804	923
804	945
805	217
805	219
805	248
805	538
805	669
805	685
805	691
805	706
805	730
805	746
805	815
805	885
805	909
805	915
805	992
806	90
806	120
806	222
806	236
806	253
806	599
806	679
806	685
806	830
806	853
806	909
806	945
806	949
806	968
806	991
807	253
807	261
807	398
807	449
807	667
807	720
807	724
807	755
807	803
807	868
807	894
807	907
807	944
807	961
807	997
808	2
808	256
808	331
808	335
808	586
808	709
808	723
808	731
808	787
808	867
808	887
808	914
808	920
808	942
808	965
809	271
809	276
809	316
809	459
809	585
809	703
809	736
809	779
809	820
809	821
809	841
809	860
809	911
809	920
809	961
810	114
810	482
810	555
810	703
810	793
810	799
810	811
810	823
810	896
810	902
810	969
810	974
810	979
810	988
810	1000
811	269
811	300
811	392
811	461
811	511
811	564
811	608
811	671
811	689
811	723
811	810
811	865
811	874
811	931
811	969
812	47
812	131
812	268
812	377
812	502
812	569
812	571
812	581
812	598
812	611
812	697
812	717
812	768
812	861
812	966
813	8
813	139
813	172
813	193
813	254
813	352
813	436
813	478
813	595
813	669
813	673
813	913
813	930
813	931
813	958
814	235
814	354
814	426
814	586
814	587
814	647
814	712
814	771
814	780
814	797
814	816
814	854
814	875
814	900
814	908
815	155
815	202
815	266
815	284
815	408
815	457
815	620
815	785
815	805
815	864
815	907
815	926
815	938
815	950
815	977
816	92
816	186
816	208
816	391
816	458
816	529
816	646
816	759
816	781
816	814
816	878
816	897
816	964
816	991
816	994
817	69
817	81
817	374
817	450
817	532
817	669
817	690
817	822
817	893
817	899
817	910
817	952
817	966
817	993
817	994
818	82
818	448
818	520
818	771
818	782
818	859
818	876
818	929
818	953
818	955
818	957
818	961
818	968
818	974
818	985
818	987
819	294
819	376
819	378
819	420
819	567
819	592
819	616
819	682
819	749
819	751
819	826
819	906
819	910
819	922
819	938
819	976
820	99
820	124
820	171
820	308
820	389
820	408
820	757
820	769
820	809
820	821
820	842
820	844
820	887
820	929
820	952
820	998
821	75
821	218
821	245
821	300
821	472
821	577
821	645
821	662
821	693
821	732
821	809
821	820
821	911
821	968
821	978
821	991
822	14
822	359
822	563
822	615
822	676
822	761
822	817
822	839
822	944
822	951
822	956
822	960
822	975
822	982
822	991
822	998
823	125
823	158
823	192
823	208
823	218
823	451
823	595
823	664
823	706
823	715
823	810
823	870
823	894
823	925
823	960
823	989
824	98
824	387
824	422
824	452
824	515
824	605
824	613
824	645
824	655
824	716
824	719
824	754
824	835
824	837
824	934
824	961
825	27
825	216
825	250
825	539
825	572
825	611
825	624
825	644
825	657
825	689
825	804
825	853
825	903
825	962
825	984
825	990
826	143
826	187
826	456
826	468
826	490
826	508
826	586
826	605
826	619
826	673
826	819
826	861
826	863
826	931
826	940
826	978
827	90
827	110
827	137
827	226
827	249
827	334
827	560
827	585
827	612
827	748
827	767
827	770
827	886
827	891
827	922
827	962
828	98
828	144
828	403
828	443
828	615
828	630
828	658
828	660
828	742
828	748
828	780
828	854
828	870
828	880
828	924
828	949
829	132
829	176
829	409
829	452
829	487
829	702
829	752
829	775
829	852
829	866
829	869
829	876
829	891
829	920
829	946
829	1000
830	9
830	99
830	146
830	465
830	625
830	633
830	724
830	802
830	806
830	845
830	909
830	911
830	923
830	952
830	967
830	983
831	35
831	84
831	154
831	191
831	214
831	359
831	467
831	570
831	680
831	700
831	707
831	710
831	751
831	801
831	929
831	959
832	83
832	104
832	121
832	189
832	260
832	365
832	610
832	636
832	684
832	687
832	917
832	941
832	944
832	961
832	975
832	996
833	73
833	111
833	212
833	307
833	513
833	601
833	660
833	664
833	671
833	683
833	711
833	730
833	741
833	843
833	889
833	890
834	54
834	183
834	185
834	204
834	263
834	311
834	474
834	539
834	784
834	791
834	841
834	845
834	854
834	961
834	981
834	995
835	152
835	335
835	387
835	399
835	431
835	456
835	492
835	598
835	613
835	645
835	710
835	762
835	824
835	903
835	946
835	948
836	195
836	427
836	435
836	538
836	561
836	699
836	701
836	736
836	747
836	802
836	849
836	851
836	898
836	963
836	972
836	994
837	32
837	58
837	65
837	72
837	90
837	165
837	221
837	278
837	330
837	541
837	650
837	747
837	824
837	884
837	885
837	886
838	195
838	205
838	220
838	261
838	468
838	540
838	679
838	723
838	733
838	789
838	804
838	858
838	873
838	901
838	942
838	984
838	997
839	19
839	58
839	69
839	150
839	215
839	229
839	233
839	594
839	658
839	744
839	822
839	845
839	856
839	911
839	956
839	969
839	995
840	39
840	67
840	257
840	266
840	494
840	507
840	521
840	524
840	539
840	663
840	802
840	877
840	880
840	881
840	919
840	968
841	81
841	173
841	265
841	356
841	376
841	538
841	553
841	713
841	745
841	782
841	809
841	834
841	862
841	906
841	907
841	941
841	988
842	14
842	213
842	332
842	434
842	448
842	493
842	511
842	588
842	600
842	696
842	699
842	820
842	846
842	847
842	916
842	929
842	994
843	390
843	514
843	532
843	559
843	569
843	617
843	649
843	717
843	833
843	846
843	894
843	940
843	950
843	964
843	969
843	971
843	992
844	59
844	74
844	88
844	108
844	344
844	350
844	360
844	460
844	527
844	683
844	820
844	876
844	888
844	895
844	958
844	976
844	987
845	82
845	189
845	464
845	657
845	671
845	742
845	743
845	761
845	766
845	830
845	834
845	839
845	867
845	922
845	965
845	978
845	983
846	131
846	136
846	152
846	370
846	373
846	397
846	516
846	558
846	660
846	666
846	735
846	842
846	843
846	890
846	928
846	940
846	1000
847	156
847	247
847	265
847	321
847	487
847	771
847	776
847	842
847	855
847	867
847	889
847	891
847	898
847	978
847	988
847	993
847	994
848	302
848	459
848	583
848	625
848	644
848	671
848	863
848	886
848	914
848	927
848	928
848	935
848	951
848	957
848	962
849	88
849	135
849	166
849	384
849	499
849	670
849	703
849	725
849	836
849	862
849	869
849	883
849	893
849	951
849	959
849	977
849	985
850	29
850	111
850	368
850	704
850	706
850	714
850	728
850	734
850	739
850	760
850	853
850	878
850	886
850	889
850	944
850	966
850	986
851	101
851	136
851	241
851	299
851	306
851	320
851	519
851	538
851	544
851	561
851	610
851	836
851	855
851	916
851	941
851	947
851	979
852	167
852	418
852	488
852	534
852	545
852	677
852	745
852	752
852	753
852	764
852	829
852	869
852	888
852	891
852	913
852	925
852	933
853	329
853	330
853	422
853	521
853	535
853	537
853	575
853	688
853	735
853	760
853	806
853	825
853	850
853	896
853	970
853	976
853	985
853	992
854	54
854	381
854	464
854	481
854	595
854	730
854	814
854	828
854	834
854	870
854	879
854	881
854	893
854	899
854	920
854	928
854	931
854	970
855	49
855	160
855	173
855	214
855	360
855	424
855	441
855	525
855	540
855	595
855	718
855	791
855	847
855	851
855	863
855	893
855	984
855	989
856	369
856	529
856	541
856	561
856	604
856	608
856	630
856	693
856	748
856	776
856	804
856	839
856	872
856	897
856	898
856	941
856	969
856	971
857	232
857	284
857	366
857	404
857	513
857	584
857	613
857	643
857	705
857	708
857	894
857	904
857	915
857	934
857	958
857	959
857	985
857	992
858	342
858	399
858	415
858	511
858	533
858	552
858	678
858	697
858	784
858	838
858	859
858	862
858	865
858	897
858	940
858	952
858	973
858	978
859	64
859	153
859	165
859	350
859	516
859	565
859	818
859	858
859	875
859	924
859	942
859	952
859	961
859	971
859	975
859	978
859	985
859	995
860	118
860	211
860	389
860	477
860	578
860	585
860	596
860	600
860	640
860	646
860	676
860	703
860	764
860	809
860	920
860	926
860	945
860	983
861	179
861	214
861	383
861	418
861	467
861	511
861	572
861	607
861	689
861	719
861	812
861	826
861	907
861	948
861	952
861	965
861	976
861	978
862	18
862	255
862	290
862	451
862	466
862	489
862	692
862	841
862	849
862	858
862	892
862	925
862	926
862	931
862	948
862	976
862	995
862	997
863	15
863	284
863	343
863	528
863	620
863	674
863	682
863	728
863	756
863	826
863	848
863	855
863	891
863	951
863	957
864	3
864	157
864	381
864	386
864	390
864	470
864	475
864	486
864	640
864	664
864	717
864	782
864	815
864	895
864	897
864	911
864	944
864	950
865	49
865	125
865	132
865	210
865	439
865	638
865	641
865	647
865	649
865	741
865	811
865	858
865	899
865	901
865	910
865	917
865	974
865	985
866	108
866	161
866	237
866	241
866	318
866	395
866	438
866	474
866	482
866	615
866	625
866	658
866	711
866	776
866	829
866	876
866	980
866	997
867	17
867	357
867	380
867	423
867	469
867	559
867	721
867	778
867	808
867	845
867	847
867	953
867	954
867	957
867	972
867	989
867	991
867	997
868	11
868	128
868	152
868	176
868	387
868	455
868	641
868	647
868	697
868	738
868	750
868	770
868	807
868	917
868	921
868	936
868	957
868	984
869	184
869	510
869	524
869	666
869	710
869	758
869	761
869	784
869	795
869	829
869	849
869	852
869	885
869	905
869	930
869	953
869	980
869	982
870	8
870	304
870	433
870	442
870	462
870	533
870	595
870	683
870	688
870	823
870	828
870	854
870	871
870	898
870	902
870	953
870	956
870	979
871	224
871	272
871	343
871	422
871	504
871	549
871	576
871	594
871	611
871	643
871	666
871	757
871	795
871	870
871	918
871	925
871	939
871	944
872	240
872	375
872	427
872	577
872	587
872	643
872	692
872	701
872	730
872	743
872	756
872	779
872	798
872	856
872	875
872	943
872	947
872	967
873	57
873	179
873	194
873	347
873	424
873	574
873	583
873	588
873	680
873	696
873	736
873	763
873	791
873	838
873	907
873	943
873	972
873	988
874	21
874	33
874	186
874	201
874	220
874	230
874	268
874	518
874	550
874	647
874	667
874	689
874	748
874	767
874	811
874	882
874	927
874	962
875	62
875	121
875	221
875	393
875	463
875	492
875	636
875	737
875	814
875	859
875	872
875	882
875	883
875	884
875	947
875	974
875	990
875	991
875	1000
876	38
876	123
876	213
876	220
876	384
876	523
876	568
876	573
876	653
876	799
876	818
876	829
876	844
876	866
876	906
876	920
876	955
876	963
876	979
877	91
877	105
877	165
877	249
877	274
877	521
877	524
877	549
877	633
877	713
877	796
877	840
877	919
877	928
877	960
877	961
877	970
877	983
878	58
878	169
878	179
878	191
878	382
878	428
878	443
878	453
878	458
878	469
878	582
878	618
878	629
878	685
878	721
878	795
878	816
878	850
878	940
879	45
879	177
879	271
879	302
879	304
879	344
879	410
879	442
879	445
879	490
879	651
879	715
879	718
879	750
879	754
879	787
879	798
879	854
879	952
880	45
880	147
880	217
880	600
880	636
880	672
880	727
880	755
880	757
880	828
880	840
880	937
880	948
880	949
880	964
880	968
880	980
880	985
880	987
881	56
881	79
881	138
881	304
881	391
881	551
881	579
881	654
881	753
881	793
881	840
881	854
881	911
881	936
881	939
881	947
881	967
881	989
881	990
882	16
882	198
882	205
882	315
882	384
882	431
882	489
882	491
882	502
882	593
882	645
882	656
882	784
882	874
882	875
882	944
882	967
882	977
882	996
883	114
883	217
883	338
883	470
883	493
883	520
883	573
883	578
883	582
883	672
883	742
883	849
883	875
883	888
883	893
883	966
883	977
883	983
883	985
884	135
884	196
884	330
884	370
884	399
884	415
884	616
884	652
884	692
884	695
884	766
884	837
884	875
884	890
884	896
884	919
884	949
884	950
884	982
884	990
885	327
885	510
885	533
885	559
885	635
885	752
885	770
885	782
885	788
885	805
885	837
885	869
885	888
885	919
885	925
885	942
885	948
885	953
885	973
885	992
886	37
886	74
886	119
886	298
886	391
886	459
886	645
886	659
886	689
886	714
886	723
886	827
886	837
886	848
886	850
886	904
886	918
886	945
886	946
886	966
887	37
887	115
887	149
887	222
887	233
887	259
887	308
887	410
887	489
887	532
887	556
887	600
887	662
887	753
887	808
887	820
887	888
887	954
887	959
887	960
888	37
888	74
888	223
888	333
888	338
888	411
888	448
888	489
888	556
888	617
888	647
888	664
888	715
888	844
888	852
888	883
888	885
888	887
888	933
888	962
889	3
889	202
889	241
889	243
889	294
889	309
889	343
889	434
889	492
889	516
889	737
889	749
889	833
889	847
889	850
889	921
889	993
889	994
889	996
889	998
890	104
890	196
890	406
890	415
890	523
890	623
890	687
890	697
890	710
890	776
890	833
890	846
890	884
890	893
890	896
890	913
890	965
890	977
890	993
890	998
891	55
891	278
891	429
891	452
891	471
891	475
891	477
891	488
891	545
891	670
891	702
891	800
891	801
891	827
891	829
891	847
891	852
891	863
891	908
891	969
892	12
892	224
892	323
892	362
892	485
892	531
892	579
892	583
892	614
892	668
892	738
892	775
892	804
892	862
892	925
892	942
892	945
892	955
892	984
892	985
893	100
893	135
893	324
893	443
893	493
893	532
893	534
893	559
893	590
893	613
893	739
893	817
893	849
893	854
893	855
893	883
893	890
893	920
893	922
893	986
894	2
894	263
894	379
894	507
894	542
894	571
894	585
894	594
894	650
894	664
894	705
894	733
894	738
894	754
894	782
894	807
894	823
894	843
894	857
894	946
895	344
895	419
895	494
895	557
895	581
895	625
895	659
895	723
895	747
895	759
895	788
895	844
895	864
895	910
895	920
895	933
895	954
895	957
895	983
895	998
896	5
896	321
896	332
896	378
896	382
896	390
896	516
896	525
896	535
896	580
896	582
896	621
896	748
896	762
896	792
896	810
896	853
896	884
896	890
896	983
897	18
897	52
897	113
897	188
897	191
897	246
897	430
897	437
897	453
897	618
897	629
897	646
897	816
897	856
897	858
897	864
897	902
897	933
897	958
897	991
898	44
898	372
898	415
898	416
898	505
898	586
898	637
898	661
898	670
898	700
898	777
898	780
898	836
898	847
898	856
898	870
898	927
898	963
898	982
898	989
899	81
899	298
899	537
899	567
899	622
899	624
899	674
899	681
899	690
899	720
899	765
899	817
899	854
899	865
899	932
899	940
899	959
899	961
899	976
899	997
900	225
900	258
900	277
900	350
900	358
900	508
900	560
900	562
900	630
900	636
900	797
900	814
900	904
900	916
900	944
900	962
900	970
900	981
900	983
900	984
900	995
901	108
901	274
901	325
901	430
901	432
901	496
901	501
901	592
901	679
901	713
901	715
901	731
901	781
901	838
901	865
901	903
901	922
901	940
901	949
901	977
901	984
902	57
902	65
902	319
902	397
902	446
902	589
902	658
902	698
902	774
902	781
902	791
902	800
902	810
902	870
902	897
902	907
902	915
902	918
902	926
902	937
902	943
903	17
903	121
903	150
903	223
903	229
903	421
903	525
903	539
903	555
903	558
903	657
903	676
903	689
903	744
903	752
903	778
903	825
903	835
903	901
903	965
903	972
904	98
904	103
904	299
904	346
904	347
904	409
904	410
904	477
904	526
904	551
904	597
904	633
904	664
904	666
904	672
904	693
904	797
904	857
904	886
904	900
904	970
905	77
905	170
905	215
905	222
905	234
905	320
905	384
905	476
905	484
905	508
905	560
905	619
905	677
905	691
905	750
905	754
905	804
905	869
905	910
905	990
905	999
906	345
906	392
906	487
906	572
906	605
906	667
906	676
906	684
906	695
906	786
906	788
906	819
906	841
906	876
906	907
906	911
906	923
906	958
906	960
906	973
906	986
907	30
907	193
907	226
907	342
907	447
907	657
907	709
907	721
907	768
907	807
907	815
907	841
907	861
907	873
907	902
907	906
907	919
907	944
907	953
907	969
907	999
908	10
908	138
908	159
908	227
908	285
908	311
908	329
908	362
908	531
908	637
908	660
908	694
908	737
908	814
908	891
908	909
908	931
908	945
908	960
908	967
908	973
909	74
909	271
909	274
909	320
909	403
909	458
909	515
909	688
909	693
909	729
909	745
909	779
909	793
909	805
909	806
909	830
909	908
909	947
909	952
909	979
909	990
910	151
910	228
910	310
910	337
910	347
910	364
910	452
910	498
910	759
910	797
910	800
910	817
910	819
910	865
910	895
910	905
910	935
910	952
910	954
910	958
910	996
911	56
911	344
911	418
911	483
911	500
911	518
911	697
911	809
911	821
911	830
911	839
911	864
911	881
911	906
911	926
911	937
911	938
911	959
911	967
911	974
911	991
912	28
912	40
912	141
912	145
912	278
912	363
912	437
912	455
912	478
912	535
912	568
912	612
912	619
912	663
912	675
912	728
912	729
912	732
912	769
912	773
912	972
913	55
913	88
913	237
913	327
913	378
913	386
913	417
913	436
913	453
913	468
913	531
913	613
913	634
913	673
913	731
913	813
913	852
913	890
913	928
913	939
913	992
914	33
914	192
914	288
914	313
914	451
914	474
914	497
914	500
914	586
914	609
914	611
914	619
914	720
914	746
914	779
914	787
914	790
914	808
914	848
914	923
914	942
915	4
915	89
915	95
915	99
915	268
915	316
915	318
915	427
915	514
915	574
915	606
915	665
915	705
915	729
915	803
915	805
915	857
915	902
915	959
915	980
915	996
916	21
916	170
916	201
916	234
916	251
916	375
916	423
916	504
916	511
916	546
916	572
916	576
916	593
916	802
916	842
916	851
916	900
916	921
916	924
916	950
916	981
917	125
917	430
917	499
917	524
917	534
917	541
917	609
917	626
917	631
917	658
917	680
917	715
917	832
917	865
917	868
917	919
917	936
917	941
917	952
917	964
917	986
918	117
918	194
918	248
918	285
918	311
918	342
918	379
918	446
918	495
918	558
918	590
918	632
918	685
918	695
918	768
918	871
918	886
918	902
918	933
918	942
918	980
919	8
919	86
919	95
919	322
919	407
919	521
919	524
919	668
919	670
919	738
919	740
919	747
919	840
919	877
919	884
919	885
919	907
919	917
919	977
919	991
919	996
920	31
920	408
920	477
920	585
920	632
920	636
920	677
920	700
920	703
920	752
920	778
920	785
920	788
920	808
920	809
920	829
920	854
920	860
920	876
920	893
920	895
920	984
921	92
921	123
921	194
921	254
921	293
921	389
921	393
921	413
921	475
921	501
921	506
921	515
921	526
921	592
921	627
921	675
921	711
921	732
921	868
921	889
921	916
921	924
922	34
922	51
922	54
922	160
922	247
922	252
922	471
922	547
922	648
922	680
922	698
922	742
922	766
922	777
922	796
922	819
922	827
922	845
922	893
922	901
922	965
922	983
923	43
923	48
923	52
923	255
923	257
923	339
923	392
923	487
923	572
923	598
923	695
923	740
923	755
923	779
923	788
923	804
923	830
923	906
923	914
923	988
923	989
923	991
924	119
924	158
924	207
924	254
924	256
924	371
924	413
924	430
924	472
924	576
924	631
924	700
924	726
924	792
924	801
924	828
924	859
924	916
924	921
924	942
924	987
924	1000
925	42
925	180
925	197
925	263
925	296
925	298
925	490
925	627
925	642
925	663
925	716
925	745
925	760
925	768
925	770
925	823
925	852
925	862
925	871
925	885
925	892
925	975
926	157
926	254
926	257
926	428
926	433
926	505
926	514
926	537
926	545
926	656
926	709
926	721
926	733
926	778
926	784
926	815
926	860
926	862
926	902
926	911
926	964
926	999
927	30
927	163
927	212
927	486
927	498
927	505
927	523
927	528
927	567
927	630
927	670
927	700
927	732
927	777
927	794
927	848
927	874
927	898
927	937
927	964
927	970
927	981
928	163
928	217
928	248
928	385
928	478
928	479
928	530
928	670
928	685
928	734
928	746
928	778
928	784
928	788
928	846
928	848
928	854
928	877
928	913
928	964
928	968
928	1000
929	18
929	59
929	85
929	105
929	287
929	389
929	412
929	421
929	436
929	440
929	527
929	555
929	556
929	571
929	714
929	761
929	785
929	818
929	820
929	831
929	842
929	975
930	39
930	64
930	67
930	79
930	155
930	162
930	207
930	267
930	361
930	365
930	433
930	470
930	553
930	642
930	669
930	684
930	723
930	758
930	796
930	813
930	869
930	970
930	977
931	97
931	142
931	198
931	215
931	222
931	291
931	350
931	379
931	544
931	621
931	715
931	726
931	730
931	811
931	813
931	826
931	854
931	862
931	908
931	954
931	967
931	991
931	992
932	91
932	96
932	242
932	251
932	278
932	385
932	484
932	500
932	607
932	609
932	636
932	741
932	744
932	761
932	763
932	774
932	786
932	899
932	937
932	942
932	943
932	950
932	960
933	19
933	152
933	251
933	321
933	405
933	407
933	412
933	461
933	499
933	557
933	576
933	617
933	639
933	706
933	732
933	772
933	800
933	852
933	888
933	895
933	897
933	918
933	944
934	14
934	102
934	190
934	256
934	291
934	314
934	356
934	429
934	455
934	491
934	531
934	567
934	575
934	597
934	637
934	641
934	735
934	792
934	824
934	857
934	977
934	978
934	1000
935	6
935	29
935	81
935	89
935	95
935	112
935	134
935	150
935	174
935	225
935	226
935	483
935	494
935	536
935	581
935	655
935	683
935	745
935	798
935	848
935	910
935	969
935	982
936	7
936	189
936	204
936	311
936	312
936	356
936	411
936	517
936	522
936	548
936	608
936	617
936	631
936	633
936	641
936	712
936	736
936	795
936	868
936	881
936	917
936	973
936	986
937	105
937	201
937	394
937	462
937	513
937	519
937	546
937	565
937	585
937	620
937	742
937	743
937	755
937	880
937	902
937	911
937	927
937	932
937	944
937	960
937	964
937	998
937	1000
938	86
938	87
938	170
938	323
938	345
938	397
938	416
938	463
938	473
938	491
938	618
938	684
938	699
938	709
938	713
938	766
938	783
938	815
938	819
938	911
938	939
938	980
938	987
939	176
939	265
939	297
939	370
939	443
939	468
939	473
939	530
939	569
939	584
939	623
939	662
939	673
939	699
939	709
939	770
939	783
939	871
939	881
939	913
939	938
939	980
939	997
940	87
940	326
940	361
940	458
940	473
940	543
940	565
940	607
940	614
940	630
940	631
940	735
940	766
940	826
940	843
940	846
940	858
940	878
940	899
940	901
940	968
940	971
940	978
940	998
941	71
941	207
941	213
941	323
941	348
941	369
941	412
941	435
941	480
941	604
941	608
941	613
941	680
941	727
941	739
941	772
941	832
941	841
941	851
941	856
941	917
941	956
941	962
941	975
942	75
942	164
942	288
942	381
942	567
942	586
942	620
942	629
942	720
942	734
942	739
942	808
942	838
942	859
942	885
942	892
942	914
942	918
942	924
942	932
942	943
942	952
942	997
942	998
943	297
943	319
943	349
943	390
943	538
943	583
943	596
943	601
943	637
943	706
943	774
943	781
943	872
943	873
943	902
943	932
943	942
943	953
943	960
943	968
943	973
943	979
943	985
943	995
944	280
944	302
944	387
944	397
944	586
944	650
944	667
944	674
944	676
944	678
944	743
944	757
944	768
944	807
944	822
944	832
944	850
944	864
944	871
944	882
944	900
944	907
944	933
944	937
945	190
945	210
945	235
945	262
945	307
945	410
945	535
945	578
945	583
945	606
945	628
945	647
945	668
945	681
945	790
945	796
945	804
945	806
945	860
945	886
945	892
945	908
945	968
945	983
946	42
946	172
946	177
946	298
946	316
946	386
946	421
946	434
946	440
946	474
946	564
946	586
946	658
946	665
946	691
946	751
946	782
946	829
946	835
946	886
946	894
946	965
946	979
946	997
947	6
947	306
947	348
947	362
947	367
947	431
947	528
947	536
947	587
947	647
947	655
947	682
947	747
947	782
947	851
947	872
947	875
947	881
947	909
947	956
947	964
947	968
947	974
947	995
948	23
948	80
948	124
948	146
948	236
948	242
948	319
948	352
948	362
948	426
948	470
948	521
948	605
948	614
948	686
948	794
948	835
948	861
948	862
948	880
948	885
948	978
948	983
948	993
949	56
949	66
949	71
949	89
949	149
949	161
949	334
949	409
949	475
949	540
949	543
949	571
949	631
949	638
949	713
949	717
949	736
949	790
949	806
949	828
949	880
949	884
949	901
949	967
950	240
950	274
950	283
950	364
950	469
950	476
950	545
950	589
950	618
950	706
950	734
950	740
950	749
950	801
950	815
950	843
950	864
950	884
950	916
950	932
950	962
950	975
950	985
950	992
951	50
951	237
951	295
951	373
951	405
951	419
951	482
951	496
951	625
951	632
951	637
951	670
951	712
951	761
951	822
951	848
951	849
951	863
951	957
951	959
951	962
951	972
951	985
952	72
952	113
952	264
952	327
952	645
952	647
952	706
952	714
952	733
952	789
952	817
952	820
952	830
952	858
952	859
952	861
952	879
952	909
952	910
952	917
952	942
952	961
952	971
952	978
953	37
953	119
953	239
953	251
953	312
953	438
953	731
953	743
953	745
953	751
953	799
953	803
953	818
953	867
953	869
953	870
953	885
953	907
953	943
953	954
953	955
953	987
953	993
953	997
954	28
954	68
954	120
954	282
954	342
954	369
954	444
954	467
954	481
954	561
954	596
954	652
954	655
954	658
954	712
954	724
954	747
954	867
954	887
954	895
954	910
954	931
954	953
954	966
954	985
955	126
955	135
955	264
955	281
955	328
955	364
955	425
955	437
955	439
955	458
955	463
955	480
955	485
955	733
955	756
955	771
955	818
955	876
955	892
955	953
955	960
955	961
955	985
955	987
955	990
956	61
956	69
956	110
956	231
956	233
956	359
956	453
956	454
956	530
956	563
956	641
956	643
956	675
956	676
956	718
956	765
956	770
956	822
956	839
956	870
956	941
956	947
956	962
956	963
956	977
957	27
957	28
957	50
957	86
957	95
957	237
957	419
957	471
957	493
957	548
957	601
957	639
957	659
957	665
957	682
957	818
957	848
957	863
957	867
957	868
957	895
957	951
957	968
957	976
957	986
958	4
958	89
958	167
958	237
958	351
958	406
958	454
958	496
958	528
958	529
958	602
958	622
958	623
958	634
958	719
958	785
958	813
958	844
958	857
958	897
958	906
958	910
958	969
958	976
958	996
959	55
959	78
959	122
959	140
959	335
959	404
959	413
959	499
959	514
959	665
959	705
959	743
959	781
959	786
959	792
959	831
959	849
959	857
959	887
959	899
959	911
959	915
959	951
959	962
959	992
960	66
960	134
960	208
960	385
960	411
960	451
960	495
960	500
960	610
960	655
960	677
960	752
960	761
960	762
960	822
960	823
960	877
960	887
960	906
960	908
960	932
960	937
960	943
960	955
960	975
960	998
961	124
961	161
961	221
961	242
961	281
961	463
961	526
961	550
961	675
961	687
961	771
961	807
961	809
961	818
961	824
961	832
961	834
961	859
961	877
961	899
961	952
961	955
961	980
961	981
961	987
962	82
962	104
962	166
962	220
962	227
962	229
962	268
962	376
962	403
962	612
962	741
962	767
962	825
962	827
962	848
962	874
962	888
962	900
962	941
962	950
962	951
962	956
962	959
962	981
962	989
962	996
963	109
963	118
963	294
963	318
963	407
963	463
963	515
963	555
963	568
963	573
963	587
963	638
963	639
963	652
963	653
963	657
963	737
963	796
963	836
963	876
963	898
963	956
963	979
963	987
963	998
963	999
964	94
964	429
964	434
964	532
964	536
964	599
964	604
964	620
964	674
964	740
964	755
964	757
964	760
964	761
964	762
964	816
964	843
964	880
964	917
964	926
964	927
964	928
964	937
964	947
964	972
964	998
965	46
965	163
965	244
965	249
965	252
965	313
965	381
965	384
965	468
965	472
965	584
965	616
965	660
965	661
965	682
965	698
965	766
965	808
965	845
965	861
965	890
965	903
965	922
965	946
965	972
965	983
966	137
966	147
966	151
966	180
966	259
966	260
966	261
966	273
966	308
966	463
966	496
966	503
966	530
966	554
966	621
966	634
966	812
966	817
966	850
966	883
966	886
966	954
966	968
966	983
966	984
966	986
967	20
967	239
967	411
967	449
967	467
967	505
967	524
967	569
967	596
967	643
967	663
967	695
967	734
967	830
967	872
967	881
967	882
967	908
967	911
967	931
967	949
967	968
967	974
967	988
967	990
967	999
968	9
968	40
968	63
968	106
968	203
968	281
968	362
968	572
968	576
968	578
968	793
968	806
968	818
968	821
968	840
968	880
968	928
968	940
968	943
968	945
968	947
968	957
968	966
968	967
968	982
968	990
969	42
969	101
969	227
969	268
969	389
969	394
969	402
969	404
969	482
969	564
969	566
969	592
969	612
969	669
969	700
969	749
969	795
969	810
969	811
969	839
969	843
969	856
969	891
969	907
969	935
969	958
969	988
970	55
970	64
970	116
970	138
970	255
970	269
970	295
970	339
970	441
970	494
970	560
970	562
970	563
970	664
970	668
970	695
970	696
970	700
970	771
970	780
970	853
970	854
970	877
970	900
970	904
970	927
970	930
971	6
971	21
971	32
971	166
971	208
971	281
971	334
971	337
971	368
971	398
971	468
971	497
971	571
971	573
971	601
971	611
971	665
971	704
971	719
971	749
971	765
971	786
971	843
971	856
971	859
971	940
971	952
972	40
972	72
972	144
972	145
972	258
972	326
972	372
972	440
972	455
972	465
972	542
972	552
972	568
972	575
972	619
972	649
972	713
972	746
972	753
972	836
972	867
972	873
972	903
972	912
972	951
972	964
972	965
973	51
973	151
973	209
973	414
973	420
973	473
973	538
973	592
973	606
973	651
973	667
973	681
973	724
973	750
973	764
973	778
973	791
973	803
973	858
973	885
973	906
973	908
973	936
973	943
973	977
973	981
973	995
974	12
974	84
974	131
974	141
974	197
974	285
974	367
974	382
974	400
974	403
974	474
974	578
974	662
974	665
974	668
974	749
974	753
974	785
974	795
974	810
974	818
974	865
974	875
974	911
974	947
974	967
974	996
975	26
975	46
975	81
975	139
975	144
975	168
975	203
975	259
975	277
975	428
975	537
975	635
975	649
975	672
975	708
975	734
975	767
975	822
975	832
975	859
975	925
975	929
975	941
975	950
975	960
975	990
975	992
976	50
976	142
976	192
976	353
976	386
976	514
976	525
976	542
976	607
976	648
976	692
976	696
976	716
976	722
976	739
976	740
976	770
976	783
976	796
976	819
976	844
976	853
976	861
976	862
976	899
976	957
976	958
977	39
977	106
977	112
977	129
977	272
977	277
977	324
977	384
977	423
977	443
977	562
977	574
977	604
977	672
977	702
977	815
977	849
977	882
977	883
977	890
977	901
977	919
977	930
977	934
977	956
977	973
977	980
978	182
978	185
978	252
978	319
978	455
978	461
978	480
978	520
978	569
978	606
978	638
978	653
978	675
978	693
978	723
978	733
978	791
978	821
978	826
978	845
978	847
978	858
978	859
978	861
978	934
978	940
978	948
978	952
979	109
979	151
979	293
979	320
979	327
979	393
979	407
979	515
979	519
979	573
979	594
979	608
979	646
979	652
979	653
979	654
979	693
979	746
979	810
979	851
979	870
979	876
979	909
979	943
979	946
979	963
979	988
979	991
980	11
980	109
980	176
980	190
980	272
980	323
980	397
980	473
980	507
980	509
980	515
980	569
980	574
980	584
980	699
980	743
980	792
980	803
980	866
980	869
980	880
980	915
980	918
980	938
980	939
980	961
980	977
980	986
981	1
981	22
981	200
981	212
981	275
981	299
981	445
981	459
981	471
981	550
981	555
981	556
981	603
981	605
981	632
981	648
981	729
981	734
981	754
981	784
981	834
981	900
981	916
981	927
981	961
981	962
981	973
981	998
982	110
982	119
982	188
982	293
982	301
982	317
982	322
982	399
982	431
982	439
982	519
982	579
982	672
982	674
982	688
982	694
982	759
982	760
982	768
982	774
982	800
982	822
982	869
982	884
982	898
982	935
982	968
982	990
983	30
983	142
983	295
983	465
983	472
983	525
983	560
983	562
983	598
983	703
983	722
983	742
983	752
983	766
983	795
983	830
983	845
983	860
983	877
983	883
983	895
983	896
983	900
983	922
983	945
983	948
983	965
983	966
984	78
984	80
984	160
984	304
984	305
984	314
984	360
984	424
984	484
984	485
984	522
984	663
984	685
984	701
984	739
984	759
984	765
984	825
984	838
984	855
984	868
984	892
984	900
984	901
984	920
984	966
984	989
984	990
985	131
985	171
985	173
985	179
985	203
985	264
985	283
985	635
985	640
985	650
985	690
985	734
985	818
985	849
985	853
985	857
985	859
985	865
985	880
985	883
985	892
985	943
985	950
985	951
985	954
985	955
985	987
985	998
986	83
986	129
986	151
986	309
986	356
986	366
986	391
986	441
986	454
986	464
986	476
986	477
986	529
986	554
986	566
986	659
986	713
986	720
986	750
986	756
986	850
986	893
986	906
986	917
986	936
986	957
986	966
986	980
987	38
987	212
987	325
987	355
987	364
987	463
987	480
987	526
987	527
987	556
987	561
987	577
987	584
987	611
987	664
987	724
987	771
987	775
987	818
987	844
987	880
987	924
987	938
987	953
987	955
987	961
987	963
987	985
988	27
988	101
988	112
988	116
988	173
988	300
988	310
988	313
988	424
988	444
988	553
988	566
988	598
988	599
988	669
988	671
988	697
988	717
988	746
988	794
988	797
988	810
988	841
988	847
988	873
988	923
988	967
988	969
988	979
989	3
989	16
989	68
989	192
989	218
989	226
989	228
989	428
989	464
989	465
989	468
989	559
989	706
989	721
989	726
989	738
989	769
989	780
989	823
989	855
989	867
989	881
989	898
989	923
989	962
989	984
989	992
989	993
989	999
990	21
990	26
990	120
990	122
990	236
990	239
990	309
990	447
990	472
990	593
990	595
990	671
990	690
990	720
990	782
990	793
990	825
990	875
990	881
990	884
990	905
990	909
990	955
990	967
990	968
990	975
990	982
990	984
990	994
991	21
991	62
991	80
991	153
991	257
991	274
991	299
991	452
991	471
991	473
991	590
991	629
991	723
991	744
991	753
991	789
991	806
991	816
991	821
991	822
991	867
991	875
991	897
991	911
991	919
991	923
991	931
991	979
991	995
992	31
992	61
992	103
992	138
992	147
992	264
992	377
992	426
992	432
992	436
992	464
992	623
992	644
992	706
992	707
992	708
992	739
992	805
992	843
992	853
992	857
992	885
992	913
992	931
992	950
992	959
992	975
992	989
992	997
993	104
993	143
993	196
993	211
993	224
993	288
993	299
993	315
993	332
993	341
993	470
993	509
993	521
993	610
993	614
993	621
993	697
993	739
993	755
993	786
993	802
993	817
993	847
993	889
993	890
993	948
993	953
993	989
993	994
994	111
994	135
994	150
994	169
994	189
994	323
994	368
994	458
994	506
994	509
994	511
994	516
994	631
994	634
994	666
994	679
994	690
994	732
994	749
994	762
994	795
994	816
994	817
994	836
994	842
994	847
994	889
994	990
994	993
995	22
995	30
995	57
995	93
995	379
995	456
995	467
995	491
995	522
995	550
995	623
995	624
995	674
995	689
995	700
995	724
995	776
995	784
995	795
995	797
995	834
995	839
995	859
995	862
995	900
995	943
995	947
995	973
995	991
996	100
996	113
996	134
996	254
996	351
996	496
996	500
996	528
996	529
996	563
996	602
996	623
996	630
996	653
996	681
996	695
996	763
996	781
996	783
996	787
996	794
996	832
996	882
996	889
996	910
996	915
996	919
996	958
996	962
996	974
997	174
997	228
997	272
997	378
997	548
997	575
997	583
997	615
997	626
997	628
997	654
997	662
997	706
997	725
997	733
997	751
997	774
997	782
997	790
997	807
997	838
997	862
997	866
997	867
997	899
997	939
997	942
997	946
997	953
997	992
998	15
998	134
998	196
998	303
998	607
998	620
998	636
998	641
998	646
998	657
998	728
998	757
998	762
998	764
998	792
998	794
998	820
998	822
998	889
998	890
998	895
998	937
998	940
998	942
998	960
998	963
998	964
998	981
998	985
998	1000
999	29
999	107
999	172
999	184
999	250
999	255
999	395
999	425
999	428
999	429
999	450
999	464
999	465
999	610
999	648
999	688
999	709
999	714
999	746
999	749
999	751
999	775
999	778
999	905
999	907
999	926
999	963
999	967
999	989
999	1000
1000	1
1000	5
1000	72
1000	80
1000	91
1000	153
1000	211
1000	240
1000	248
1000	437
1000	450
1000	479
1000	530
1000	554
1000	635
1000	645
1000	653
1000	673
1000	685
1000	746
1000	810
1000	829
1000	846
1000	875
1000	924
1000	928
1000	934
1000	937
1000	998
1000	999
