1	626
1	947
1	966
1	999
1	1000
2	907
2	926
2	989
2	994
2	995
3	18
3	393
3	679
3	733
3	817
4	600
4	878
4	925
4	951
4	993
5	536
5	696
5	746
5	810
5	989
6	436
6	611
6	915
6	918
6	922
7	182
7	189
7	275
7	488
7	973
8	297
8	683
8	729
8	772
8	862
9	718
9	738
9	882
9	891
9	963
10	169
10	671
10	962
10	974
10	975
11	518
11	748
11	889
11	964
11	984
12	643
12	714
12	739
12	741
12	829
13	308
13	977
13	988
13	991
13	995
14	613
14	646
14	714
14	829
14	955
15	795
15	949
15	958
15	961
15	970
16	615
16	699
16	803
16	891
16	981
17	727
17	773
17	776
17	818
17	921
18	3
18	449
18	560
18	817
18	824
19	200
19	368
19	371
19	667
19	742
20	34
20	108
20	647
20	734
20	741
21	610
21	890
21	899
21	968
21	983
22	132
22	223
22	596
22	602
22	974
23	161
23	928
23	937
23	941
23	947
24	422
24	789
24	871
24	911
24	927
25	290
25	697
25	702
25	865
25	981
26	674
26	712
26	730
26	970
26	990
27	29
27	157
27	195
27	349
27	536
28	43
28	44
28	191
28	192
28	597
29	27
29	157
29	195
29	349
29	686
30	86
30	845
30	983
30	985
30	987
31	41
31	690
31	781
31	900
31	901
32	182
32	386
32	747
32	761
32	764
33	246
33	300
33	384
33	843
33	976
34	20
34	178
34	393
34	680
34	983
35	42
35	70
35	142
35	176
35	909
36	146
36	262
36	563
36	804
36	950
37	607
37	707
37	939
37	945
37	965
38	53
38	225
38	256
38	273
38	326
39	639
39	757
39	876
39	968
39	983
40	840
40	874
40	904
40	937
40	941
41	31
41	217
41	650
41	901
41	995
42	35
42	70
42	176
42	676
42	996
43	28
43	44
43	65
43	191
43	192
44	28
44	43
44	191
44	825
44	857
45	170
45	314
45	405
45	920
45	1000
46	169
46	516
46	707
46	727
46	919
47	600
47	831
47	893
47	908
47	949
48	209
48	536
48	653
48	810
48	868
49	448
49	658
49	845
49	985
49	987
50	476
50	824
50	946
50	975
50	977
51	262
51	848
51	864
51	958
51	961
52	223
52	438
52	602
52	613
52	766
53	38
53	225
53	273
53	454
53	490
54	390
54	455
54	751
54	807
54	880
55	342
55	385
55	791
55	813
55	823
56	767
56	773
56	866
56	873
56	985
57	110
57	175
57	258
57	298
57	914
58	71
58	135
58	357
58	485
58	506
59	415
59	703
59	753
59	796
59	924
60	888
60	948
60	956
60	977
60	991
61	465
61	879
61	934
61	945
61	965
62	811
62	878
62	953
62	988
62	995
63	510
63	622
63	757
63	952
63	976
64	648
64	758
64	946
64	966
64	1000
65	43
65	191
65	192
65	523
65	815
66	370
66	375
66	437
66	524
66	579
67	679
67	706
67	884
67	984
67	1000
68	611
68	629
68	637
68	744
68	792
69	163
69	491
69	564
69	652
69	717
70	35
70	42
70	142
70	796
70	938
71	58
71	357
71	395
71	426
71	506
72	96
72	352
72	363
72	405
72	507
73	290
73	533
73	883
73	974
73	981
74	740
74	853
74	924
74	936
74	952
75	487
75	635
75	750
75	802
75	990
76	569
76	875
76	912
76	917
76	987
77	353
77	469
77	645
77	791
77	823
78	288
78	481
78	844
78	870
78	977
79	748
79	865
79	869
79	961
79	986
80	365
80	471
80	576
80	636
80	942
81	884
81	885
81	896
81	929
81	998
82	578
82	842
82	963
82	979
82	990
83	140
83	259
83	345
83	354
83	794
84	840
84	915
84	918
84	922
84	978
85	809
85	845
85	926
85	964
85	994
86	30
86	739
86	830
86	847
86	951
87	117
87	181
87	406
87	408
87	629
88	105
88	853
88	924
88	967
88	973
89	473
89	489
89	573
89	815
89	819
90	664
90	854
90	856
90	857
90	967
91	278
91	336
91	552
91	602
91	708
92	184
92	942
92	962
92	974
92	975
93	142
93	835
93	865
93	869
93	889
94	361
94	463
94	580
94	585
94	897
95	268
95	865
95	869
95	889
95	964
96	72
96	503
96	716
96	781
96	785
97	220
97	345
97	367
97	513
97	833
98	411
98	454
98	465
98	638
98	796
99	105
99	360
99	804
99	898
99	990
100	165
100	434
100	457
100	502
100	791
101	555
101	646
101	741
101	762
101	829
102	322
102	888
102	943
102	973
102	993
103	286
103	403
103	429
103	435
103	881
104	444
104	484
104	821
104	904
104	981
105	88
105	99
105	538
105	587
105	727
106	286
106	343
106	429
106	435
106	464
107	372
107	485
107	703
107	778
107	788
108	20
108	431
108	586
108	647
108	734
109	399
109	615
109	731
109	790
109	882
110	57
110	175
110	258
110	298
110	696
111	548
111	719
111	813
111	823
111	915
112	787
112	846
112	892
112	901
112	938
113	145
113	755
113	929
113	957
113	999
114	246
114	300
114	384
114	789
114	805
115	324
115	661
115	743
115	808
115	821
116	196
116	234
116	250
116	349
116	483
117	87
117	181
117	406
117	408
117	983
118	188
118	221
118	312
118	418
118	930
119	170
119	208
119	251
119	332
119	609
120	162
120	663
120	677
120	726
120	823
121	127
121	467
121	673
121	851
121	880
122	589
122	609
122	743
122	925
122	951
123	489
123	503
123	573
123	867
123	880
124	495
124	862
124	903
124	973
124	986
125	211
125	228
125	280
125	303
125	722
126	139
126	187
126	949
126	958
126	971
127	121
127	153
127	623
127	751
127	807
128	427
128	577
128	960
128	980
128	996
129	237
129	627
129	631
129	835
129	969
130	693
130	701
130	845
130	866
130	873
131	362
131	657
131	677
131	737
131	814
132	22
132	596
132	602
132	708
132	824
133	163
133	533
133	919
133	921
133	993
134	735
134	864
134	871
134	911
134	927
135	58
135	171
135	357
135	395
135	506
136	493
136	841
136	901
136	967
136	976
137	539
137	629
137	792
137	874
137	932
138	427
138	442
138	479
138	500
138	557
139	126
139	980
139	983
139	992
139	996
140	83
140	259
140	345
140	354
140	626
141	253
141	736
141	819
141	890
141	931
142	35
142	70
142	93
142	176
142	936
143	233
143	404
143	473
143	503
143	573
144	402
144	586
144	628
144	643
144	734
145	113
145	716
145	781
145	785
145	791
146	36
146	168
146	631
146	661
146	773
147	643
147	723
147	741
147	774
147	829
148	156
148	170
148	926
148	989
148	994
149	794
149	912
149	917
149	980
149	996
150	321
150	765
150	842
150	932
150	999
151	498
151	545
151	588
151	596
151	656
152	422
152	526
152	733
152	817
152	955
153	127
153	701
153	834
153	964
153	994
154	354
154	416
154	781
154	785
154	933
155	936
155	940
155	944
155	955
155	997
156	148
156	304
156	554
156	575
156	588
157	27
157	29
157	195
157	349
157	951
158	431
158	662
158	743
158	952
158	976
159	572
159	634
159	654
159	655
159	786
160	674
160	893
160	961
160	971
160	990
161	23
161	458
161	510
161	844
161	870
162	120
162	270
162	478
162	844
162	870
163	69
163	133
163	201
163	235
163	652
164	186
164	442
164	531
164	556
164	601
165	100
165	457
165	502
165	512
165	746
166	304
166	311
166	575
166	588
166	917
167	173
167	426
167	575
167	588
167	651
168	146
168	485
168	627
168	631
168	661
169	10
169	46
169	538
169	587
169	727
170	45
170	119
170	148
170	332
170	910
171	135
171	187
171	634
171	654
171	655
172	206
172	278
172	293
172	322
172	483
173	167
173	269
173	575
173	588
173	600
174	632
174	855
174	915
174	918
174	922
175	57
175	110
175	258
175	298
175	763
176	35
176	42
176	142
176	954
176	984
177	538
177	940
177	944
177	955
177	997
178	34
178	417
178	757
178	781
178	898
179	481
179	555
179	829
179	844
179	870
180	678
180	683
180	883
180	930
180	981
181	87
181	117
181	272
181	406
181	408
181	957
182	7
182	32
182	189
182	337
182	488
182	954
183	376
183	497
183	512
183	716
183	781
183	785
184	92
184	713
184	972
184	980
184	992
184	996
185	409
185	505
185	507
185	664
185	683
185	798
186	164
186	216
186	360
186	541
186	804
186	949
187	126
187	171
187	572
187	634
187	654
187	655
188	118
188	210
188	221
188	312
188	418
188	891
189	7
189	182
189	337
189	488
189	866
189	965
190	223
190	293
190	438
190	552
190	708
190	924
191	28
191	43
191	44
191	65
191	192
191	714
192	28
192	43
192	65
192	191
192	749
192	1000
193	618
193	781
193	897
193	928
193	937
193	941
194	267
194	827
194	875
194	877
194	883
194	981
195	27
195	29
195	157
195	349
195	475
195	730
196	116
196	234
196	328
196	483
196	852
196	956
197	225
197	783
197	854
197	856
197	857
197	898
198	594
198	731
198	932
198	957
198	966
198	999
199	450
199	824
199	858
199	962
199	974
199	975
200	19
200	331
200	568
200	667
200	742
200	851
201	163
201	338
201	491
201	652
201	662
201	896
202	667
202	886
202	953
202	970
202	978
202	982
203	592
203	739
203	880
203	925
203	951
203	994
204	466
204	787
204	814
204	892
204	901
204	938
205	235
205	338
205	491
205	598
205	652
205	780
206	172
206	278
206	293
206	322
206	723
206	989
207	309
207	672
207	837
207	864
207	924
207	987
208	119
208	290
208	314
208	332
208	507
208	509
209	48
209	527
209	581
209	696
209	810
209	949
210	188
210	315
210	376
210	398
210	513
210	896
211	125
211	228
211	280
211	303
211	763
211	917
212	447
212	676
212	789
212	911
212	927
212	950
213	394
213	409
213	415
213	476
213	664
213	805
214	232
214	776
214	922
214	954
214	973
214	993
215	334
215	821
215	827
215	904
215	930
215	984
216	186
216	515
216	541
216	563
216	804
216	893
217	41
217	729
217	865
217	900
217	901
217	938
218	528
218	694
218	913
218	934
218	950
218	969
219	286
219	960
219	972
219	980
219	992
219	996
220	97
220	719
220	791
220	813
220	823
220	991
221	118
221	188
221	312
221	418
221	532
221	790
222	657
222	665
222	677
222	712
222	748
222	814
223	22
223	52
223	190
223	438
223	552
223	995
224	752
224	814
224	884
224	923
224	984
224	998
225	38
225	53
225	197
225	273
225	326
225	649
226	463
226	474
226	580
226	585
226	765
226	876
227	423
227	469
227	604
227	763
227	984
227	998
228	125
228	211
228	280
228	303
228	452
228	687
229	515
229	820
229	877
229	930
229	981
229	998
230	601
230	803
230	874
230	928
230	937
230	941
231	657
231	878
231	948
231	954
231	977
231	995
232	214
232	693
232	919
232	925
232	973
232	986
233	143
233	378
233	473
233	489
233	503
233	573
234	116
234	196
234	250
234	328
234	390
234	483
235	163
235	205
235	491
235	652
235	695
235	775
236	244
236	291
236	434
236	457
236	502
236	983
237	129
237	923
237	972
237	980
237	992
237	996
238	364
238	368
238	371
238	464
238	667
238	742
239	489
239	637
239	675
239	744
239	792
239	986
240	263
240	265
240	471
240	636
240	748
240	887
241	774
241	843
241	885
241	892
241	906
241	938
242	671
242	704
242	866
242	873
242	982
242	993
243	453
243	589
243	675
243	693
243	744
243	792
244	236
244	276
244	581
244	696
244	746
244	758
245	341
245	498
245	545
245	656
245	757
245	874
246	33
246	114
246	300
246	384
246	762
246	802
247	385
247	516
247	538
247	587
247	707
247	727
248	650
248	807
248	814
248	851
248	880
248	949
249	826
249	954
249	956
249	988
249	991
249	995
250	116
250	234
250	328
250	483
250	811
250	974
251	119
251	630
251	760
251	794
251	968
251	983
252	270
252	436
252	498
252	545
252	656
252	926
253	141
253	442
253	630
253	726
253	968
253	983
254	289
254	661
254	977
254	988
254	991
254	995
255	258
255	455
255	467
255	550
255	623
255	751
256	38
256	370
256	407
256	579
256	779
256	982
257	676
257	828
257	944
257	955
257	959
257	997
258	57
258	110
258	175
258	255
258	298
258	864
259	83
259	140
259	345
259	354
259	887
259	963
260	642
260	691
260	806
260	852
260	876
260	914
261	313
261	638
261	753
261	796
261	908
261	976
262	36
262	51
262	515
262	541
262	733
262	804
263	240
263	471
263	576
263	636
263	820
263	849
264	463
264	798
264	954
264	956
264	977
264	995
265	240
265	365
265	471
265	576
265	636
265	722
266	290
266	663
266	677
266	683
266	737
266	814
267	194
267	660
267	809
267	830
267	847
267	925
268	95
268	592
268	865
268	869
268	889
268	988
269	173
269	901
269	907
269	964
269	989
269	994
270	162
270	252
270	555
270	829
270	844
270	870
271	341
271	436
271	545
271	570
271	656
271	838
272	181
272	406
272	408
272	938
272	955
272	962
273	38
273	53
273	225
273	326
273	911
273	927
274	484
274	812
274	820
274	827
274	944
274	996
275	7
275	337
275	488
275	726
275	858
275	897
276	244
276	653
276	746
276	747
276	810
276	968
277	292
277	830
277	864
277	871
277	911
277	927
278	91
278	172
278	206
278	293
278	322
278	989
279	484
279	516
279	590
279	657
279	737
279	814
280	125
280	211
280	228
280	303
280	555
280	944
281	512
281	722
281	840
281	892
281	900
281	906
282	575
282	678
282	946
282	962
282	974
282	975
283	660
283	731
283	816
283	932
283	966
283	1000
284	635
284	721
284	745
284	858
284	946
284	993
285	594
285	749
285	798
285	805
285	811
285	992
286	103
286	106
286	219
286	343
286	435
286	822
287	701
287	860
287	892
287	906
287	938
287	985
288	78
288	481
288	510
288	700
288	870
288	1000
289	254
289	562
289	683
289	875
289	912
289	917
290	25
290	73
290	208
290	266
290	883
290	930
291	236
291	457
291	502
291	512
291	560
291	626
292	277
292	542
292	911
292	916
292	927
292	997
293	172
293	190
293	206
293	278
293	322
293	988
294	750
294	809
294	830
294	847
294	925
294	951
295	546
295	681
295	686
295	708
295	833
295	885
296	654
296	718
296	790
296	803
296	835
296	882
297	8
297	475
297	479
297	729
297	761
297	772
298	57
298	110
298	175
298	258
298	673
298	884
299	317
299	616
299	948
299	977
299	988
299	995
300	33
300	114
300	246
300	384
300	400
300	929
301	718
301	807
301	920
301	970
301	978
301	982
302	832
302	843
302	905
302	940
302	989
302	994
303	125
303	211
303	228
303	280
303	818
303	970
304	156
304	166
304	575
304	588
304	751
304	901
305	387
305	692
305	833
305	875
305	912
305	917
306	560
306	644
306	661
306	666
306	679
306	733
307	444
307	630
307	757
307	760
307	849
307	968
308	13
308	361
308	674
308	730
308	767
308	779
309	207
309	713
309	837
309	865
309	956
309	985
310	497
310	716
310	781
310	785
310	823
310	942
311	166
311	332
311	868
311	963
311	979
311	990
312	118
312	188
312	221
312	418
312	712
312	738
313	261
313	411
313	611
313	639
313	753
313	796
314	45
314	208
314	352
314	405
314	408
314	927
315	210
315	367
315	398
315	429
315	513
315	976
316	780
316	837
316	942
316	944
316	985
316	986
317	299
317	776
317	783
317	854
317	856
317	857
318	492
318	625
318	671
318	866
318	873
318	993
319	593
319	784
319	829
319	836
319	885
319	942
320	744
320	863
320	865
320	964
320	989
320	994
321	150
321	855
321	915
321	918
321	922
321	953
322	102
322	172
322	206
322	278
322	293
322	740
323	370
323	407
323	409
323	524
323	579
323	841
324	115
324	430
324	812
324	877
324	981
324	989
325	855
325	887
325	915
325	918
325	919
325	922
326	38
326	225
326	273
326	804
326	841
326	976
327	490
327	506
327	841
327	924
327	935
327	952
328	196
328	234
328	250
328	483
328	642
328	968
329	572
329	634
329	654
329	655
329	685
329	713
330	846
330	927
330	931
330	939
330	945
330	965
331	200
331	464
331	547
331	732
331	742
331	962
332	119
332	170
332	208
332	311
332	507
332	757
333	763
333	770
333	837
333	847
333	925
333	999
334	215
334	903
334	919
334	921
334	943
334	986
335	451
335	756
335	776
335	888
335	902
335	986
336	91
336	438
336	552
336	596
336	708
336	892
337	182
337	189
337	275
337	365
337	488
337	785
338	201
338	205
338	345
338	491
338	652
338	761
339	673
339	933
339	935
339	961
339	967
339	976
340	769
340	843
340	905
340	964
340	989
340	994
341	245
341	271
341	436
341	498
341	545
341	691
342	55
342	840
342	910
342	916
342	955
342	997
343	106
343	286
343	403
343	429
343	572
343	928
344	682
344	768
344	877
344	920
344	978
344	982
345	83
345	97
345	140
345	259
345	338
345	354
346	675
346	740
346	784
346	942
346	985
346	987
347	620
347	729
347	747
347	761
347	764
347	772
348	674
348	730
348	739
348	761
348	767
348	779
349	27
349	29
349	116
349	157
349	195
349	957
350	435
350	436
350	846
350	931
350	945
350	965
351	754
351	910
351	940
351	955
351	959
351	997
352	72
352	314
352	405
352	507
352	668
352	771
353	77
353	548
353	570
353	791
353	813
353	933
354	83
354	140
354	154
354	259
354	345
354	745
355	441
355	574
355	674
355	712
355	767
355	779
356	597
356	684
356	710
356	960
356	972
356	992
356	996
357	58
357	71
357	135
357	395
357	506
357	614
357	720
358	514
358	660
358	717
358	750
358	788
358	802
358	815
359	572
359	725
359	897
359	928
359	937
359	941
359	992
360	99
360	186
360	515
360	563
360	566
360	751
360	804
361	94
361	308
361	463
361	474
361	580
361	585
361	860
362	131
362	581
362	653
362	696
362	746
362	810
362	937
363	72
363	372
363	414
363	485
363	631
363	661
363	748
364	238
364	404
364	735
364	888
364	902
364	903
364	973
365	80
365	265
365	337
365	471
365	576
365	636
365	997
366	575
366	645
366	841
366	896
366	984
366	987
366	998
367	97
367	315
367	376
367	398
367	513
367	736
367	945
368	19
368	238
368	519
368	546
368	621
368	686
368	885
369	612
369	840
369	874
369	893
369	897
369	928
369	941
370	66
370	256
370	323
370	437
370	552
370	579
370	983
371	19
371	238
371	547
371	651
371	667
371	742
371	969
372	107
372	363
372	414
372	497
372	631
372	656
372	661
373	400
373	522
373	874
373	897
373	928
373	937
373	941
374	524
374	724
374	783
374	854
374	856
374	857
374	962
375	66
375	398
375	669
375	795
375	893
375	958
375	961
376	183
376	210
376	367
376	398
376	513
376	690
376	774
377	651
377	655
377	909
377	959
377	963
377	979
377	990
378	233
378	571
378	822
378	913
378	950
378	969
378	983
379	496
379	719
379	791
379	813
379	823
379	861
379	992
380	666
380	729
380	747
380	764
380	772
380	842
380	905
381	762
381	828
381	931
381	934
381	945
381	965
381	990
382	635
382	738
382	750
382	788
382	802
382	877
382	942
383	460
383	642
383	806
383	834
383	876
383	892
383	914
384	33
384	114
384	246
384	300
384	397
384	986
384	989
385	55
385	247
385	496
385	669
385	719
385	791
385	823
386	32
386	410
386	508
386	602
386	745
386	747
386	772
387	305
387	558
387	879
387	931
387	934
387	939
387	965
388	808
388	827
388	877
388	930
388	964
388	980
388	981
389	519
389	536
389	881
389	910
389	916
389	940
389	944
390	54
390	234
390	685
390	776
390	903
390	921
390	993
391	777
391	879
391	884
391	934
391	939
391	945
391	965
392	859
392	905
392	907
392	934
392	964
392	989
392	994
393	3
393	34
393	709
393	778
393	890
393	899
393	983
394	213
394	505
394	624
394	749
394	798
394	811
394	987
395	71
395	135
395	357
395	495
395	506
395	945
395	972
396	801
396	838
396	924
396	935
396	953
396	976
396	983
397	384
397	619
397	893
397	905
397	924
397	961
397	971
398	210
398	315
398	367
398	375
398	376
398	513
398	692
399	109
399	585
399	718
399	769
399	790
399	882
399	891
400	300
400	373
400	776
400	902
400	919
400	973
400	993
401	622
401	733
401	799
401	954
401	956
401	977
401	991
402	144
402	419
402	544
402	586
402	647
402	734
402	912
403	103
403	343
403	429
403	435
403	477
403	766
403	863
404	143
404	364
404	932
404	957
404	966
404	999
404	1000
405	45
405	72
405	314
405	352
405	507
405	893
405	904
406	87
406	117
406	181
406	272
406	408
406	895
406	939
407	256
407	323
407	437
407	524
407	553
407	579
407	914
408	87
408	117
408	181
408	272
408	314
408	406
408	790
409	185
409	213
409	323
409	683
409	805
409	811
409	902
410	386
410	665
410	729
410	761
410	764
410	772
410	919
411	98
411	313
411	454
411	753
411	796
411	858
411	903
412	640
412	846
412	908
412	931
412	939
412	945
412	965
413	657
413	827
413	862
413	902
413	903
413	986
413	993
414	363
414	372
414	419
414	485
414	511
414	631
414	661
415	59
415	213
415	441
415	611
415	638
415	753
415	796
416	154
416	497
416	716
416	781
416	785
416	806
416	839
417	178
417	466
417	736
417	757
417	801
417	898
417	968
418	118
418	188
418	221
418	312
418	587
418	647
418	981
419	402
419	414
419	624
419	732
419	806
419	876
419	914
420	646
420	702
420	731
420	765
420	957
420	999
420	1000
421	659
421	808
421	820
421	827
421	930
421	951
421	955
422	24
422	152
422	459
422	666
422	718
422	757
422	817
423	227
423	816
423	841
423	896
423	958
423	984
423	998
424	625
424	801
424	878
424	956
424	977
424	988
424	991
425	501
425	728
425	816
425	872
425	910
425	959
425	997
426	71
426	167
426	724
426	783
426	854
426	856
426	857
427	128
427	138
427	500
427	531
427	557
427	601
427	941
428	680
428	759
428	832
428	835
428	894
428	950
428	969
429	103
429	106
429	315
429	343
429	403
429	435
429	731
430	324
430	831
430	850
430	893
430	908
430	958
430	994
431	108
431	158
431	544
431	586
431	647
431	734
431	944
432	461
432	625
432	669
432	766
432	796
432	961
432	971
433	606
433	699
433	718
433	882
433	891
433	969
433	981
434	100
434	236
434	457
434	502
434	512
434	532
434	535
435	103
435	106
435	286
435	350
435	403
435	429
435	580
436	6
436	252
436	271
436	341
436	350
436	545
436	656
437	66
437	370
437	407
437	524
437	579
437	801
437	927
438	52
438	190
438	223
438	336
438	708
438	825
438	878
439	544
439	691
439	867
439	960
439	972
439	992
439	996
440	515
440	717
440	809
440	894
440	913
440	950
440	969
441	355
441	415
441	447
441	614
441	732
441	806
441	914
442	138
442	164
442	253
442	500
442	531
442	557
442	939
443	565
443	762
443	862
443	902
443	973
443	986
443	993
444	104
444	307
444	855
444	915
444	918
444	922
444	971
445	724
445	783
445	853
445	854
445	856
445	857
445	901
446	567
446	858
446	917
446	923
446	962
446	974
446	975
447	212
447	441
447	558
447	586
447	614
447	876
447	914
448	49
448	789
448	864
448	871
448	911
448	927
448	991
449	18
449	516
449	538
449	587
449	707
449	727
449	850
450	199
450	614
450	624
450	691
450	876
450	899
450	914
450	989
451	335
451	760
451	819
451	890
451	898
451	960
451	968
451	983
452	228
452	536
452	757
452	849
452	898
452	959
452	968
452	983
453	243
453	593
453	629
453	637
453	675
453	744
453	792
453	957
454	53
454	98
454	411
454	611
454	638
454	753
454	796
454	804
455	54
455	255
455	528
455	623
455	807
455	840
455	880
455	910
456	601
456	839
456	910
456	936
456	941
456	944
456	955
456	997
457	100
457	165
457	236
457	291
457	434
457	512
457	569
457	881
458	161
458	480
458	502
458	510
458	551
458	844
458	870
458	902
459	422
459	526
459	560
459	679
459	733
459	811
459	817
459	874
460	383
460	652
460	694
460	835
460	869
460	913
460	950
460	969
461	432
461	544
461	850
461	900
461	949
461	958
461	961
461	971
462	490
462	535
462	635
462	660
462	713
462	738
462	788
462	802
463	94
463	226
463	264
463	361
463	474
463	580
463	585
463	601
464	106
464	238
464	331
464	547
464	667
464	742
464	921
464	959
465	61
465	98
465	690
465	789
465	864
465	871
465	911
465	927
466	204
466	417
466	542
466	789
466	864
466	871
466	927
466	960
467	121
467	255
467	482
467	703
467	929
467	943
467	984
467	998
468	498
468	514
468	535
468	635
468	660
468	788
468	802
468	976
469	77
469	227
469	482
469	752
469	797
469	825
469	896
469	929
470	670
470	734
470	921
470	948
470	956
470	988
470	991
470	995
471	80
471	240
471	263
471	265
471	365
471	576
471	636
471	775
472	769
472	780
472	836
472	861
472	918
472	925
472	985
472	987
473	89
473	143
473	233
473	489
473	503
473	531
473	573
473	796
474	226
474	361
474	463
474	580
474	585
474	742
474	857
474	954
475	195
475	297
475	621
475	681
475	686
475	715
475	861
475	885
476	50
476	213
476	832
476	907
476	926
476	964
476	989
476	994
477	403
477	824
477	863
477	907
477	926
477	964
477	989
477	994
478	162
478	571
478	654
478	694
478	822
478	894
478	950
478	969
479	138
479	297
479	493
479	658
479	689
479	933
479	952
479	976
480	458
480	481
480	555
480	638
480	704
480	835
480	844
480	870
481	78
481	179
481	288
481	480
481	844
481	870
481	941
481	964
482	467
482	469
482	546
482	679
482	860
482	896
482	984
482	998
483	116
483	172
483	196
483	234
483	250
483	328
483	902
483	956
484	104
484	274
484	279
484	680
484	821
484	883
484	904
484	981
485	58
485	107
485	168
485	363
485	414
485	631
485	661
485	873
486	687
486	755
486	890
486	932
486	947
486	957
486	966
486	1000
487	75
487	718
487	878
487	954
487	956
487	977
487	991
487	995
488	7
488	182
488	189
488	275
488	337
488	586
488	693
488	925
489	89
489	123
489	233
489	239
489	473
489	503
489	903
489	984
490	53
490	327
490	462
490	493
490	743
490	801
490	952
490	967
491	69
491	201
491	205
491	235
491	338
491	630
491	652
491	888
492	318
492	671
492	693
492	699
492	773
492	821
492	866
492	873
493	136
493	479
493	490
493	799
493	838
493	944
493	967
493	984
494	511
494	786
494	890
494	898
494	899
494	962
494	968
494	983
495	124
495	395
495	659
495	702
495	877
495	904
495	930
495	989
496	379
496	385
496	548
496	719
496	813
496	823
496	973
496	997
497	183
497	310
497	372
497	416
497	716
497	781
497	785
497	919
498	151
498	245
498	252
498	341
498	468
498	557
498	656
498	710
499	583
499	752
499	820
499	841
499	860
499	898
499	984
499	998
500	138
500	427
500	442
500	521
500	531
500	557
500	601
500	935
501	425
501	538
501	843
501	936
501	940
501	944
501	959
501	997
502	100
502	165
502	236
502	291
502	434
502	458
502	512
502	708
503	96
503	123
503	143
503	233
503	473
503	489
503	573
503	828
504	686
504	925
504	931
504	934
504	939
504	945
504	965
504	978
505	185
505	394
505	652
505	749
505	798
505	805
505	811
505	916
506	58
506	71
506	135
506	327
506	357
506	395
506	709
506	827
507	72
507	185
507	208
507	332
507	352
507	405
507	603
507	989
508	386
508	729
508	747
508	753
508	761
508	764
508	869
508	920
509	208
509	688
509	700
509	786
509	797
509	932
509	947
509	1000
510	63
510	161
510	288
510	458
510	555
510	844
510	870
510	930
511	414
511	494
511	682
511	809
511	830
511	847
511	886
511	951
512	165
512	183
512	281
512	291
512	434
512	457
512	502
512	1000
513	97
513	210
513	315
513	367
513	376
513	398
513	915
513	940
514	358
514	468
514	738
514	750
514	788
514	802
514	851
514	921
515	216
515	229
515	262
515	360
515	440
515	541
515	563
515	804
516	46
516	247
516	279
516	449
516	587
516	707
516	727
516	969
517	589
517	595
517	704
517	773
517	866
517	873
517	931
517	977
518	11
518	684
518	748
518	865
518	869
518	889
518	907
518	979
519	368
519	389
519	620
519	621
519	670
519	833
519	885
519	931
520	605
520	879
520	943
520	960
520	972
520	980
520	992
520	996
521	500
521	528
521	565
521	673
521	751
521	851
521	880
521	984
522	373
522	756
522	818
522	888
522	921
522	943
522	957
522	973
523	65
523	769
523	800
523	844
523	861
523	942
523	985
523	987
524	66
524	323
524	374
524	407
524	437
524	579
524	753
524	787
525	548
525	702
525	755
525	812
525	820
525	877
525	883
525	981
526	152
526	459
526	560
526	666
526	679
526	817
526	823
526	856
527	209
527	806
527	872
527	916
527	936
527	959
527	986
527	997
528	218
528	455
528	521
528	650
528	696
528	807
528	851
528	880
529	698
529	913
529	958
529	960
529	972
529	980
529	992
529	996
530	772
530	860
530	884
530	896
530	929
530	954
530	984
530	998
531	164
531	427
531	442
531	473
531	500
531	557
531	601
531	716
532	221
532	434
532	808
532	895
532	920
532	953
532	970
532	978
533	73
533	133
533	812
533	877
533	883
533	930
533	974
533	976
534	575
534	619
534	756
534	902
534	914
534	921
534	943
534	993
535	434
535	462
535	468
535	635
535	660
535	738
535	788
535	833
536	5
536	27
536	48
536	389
536	452
536	581
536	653
536	810
537	771
537	848
537	850
537	867
537	893
537	961
537	971
537	981
538	105
538	169
538	177
538	247
538	449
538	501
538	707
538	727
539	137
539	582
539	629
539	637
539	744
539	792
539	826
539	991
540	700
540	795
540	826
540	920
540	953
540	970
540	978
540	982
541	186
541	216
541	262
541	515
541	563
541	636
541	804
541	820
542	292
542	466
542	626
542	711
542	864
542	871
542	911
542	927
543	567
543	616
543	672
543	684
543	865
543	869
543	889
543	945
544	402
544	431
544	439
544	461
544	586
544	647
544	734
544	935
545	151
545	245
545	252
545	271
545	341
545	436
545	656
545	952
546	295
546	368
546	482
546	686
546	715
546	833
546	885
546	951
547	331
547	371
547	464
547	576
547	624
547	667
547	742
547	967
548	111
548	353
548	496
548	525
548	603
548	719
548	791
548	813
548	823
549	633
549	726
549	762
549	846
549	879
549	934
549	939
549	945
549	965
550	255
550	565
550	673
550	751
550	807
550	851
550	880
550	886
550	994
551	458
551	695
551	813
551	840
551	874
551	897
551	928
551	937
551	941
552	91
552	190
552	223
552	336
552	370
552	596
552	708
552	876
552	988
553	407
553	556
553	855
553	859
553	882
553	887
553	915
553	918
553	922
554	156
554	722
554	787
554	900
554	901
554	906
554	919
554	923
554	938
555	101
555	179
555	270
555	280
555	480
555	510
555	844
555	870
555	940
556	164
556	553
556	662
556	769
556	784
556	861
556	942
556	985
556	987
557	138
557	427
557	442
557	498
557	500
557	531
557	601
557	684
557	922
558	387
558	447
558	624
558	640
558	642
558	691
558	876
558	895
558	914
559	574
559	608
559	674
559	712
559	727
559	730
559	767
559	779
559	858
560	18
560	291
560	306
560	459
560	526
560	666
560	679
560	733
560	817
561	594
561	632
561	750
561	794
561	800
561	875
561	912
561	917
561	950
562	289
562	569
562	610
562	663
562	666
562	692
562	813
562	875
562	917
563	36
563	216
563	360
563	515
563	541
563	804
563	811
563	945
563	967
564	69
564	806
564	878
564	948
564	956
564	988
564	991
564	995
564	998
565	443
565	521
565	550
565	650
565	673
565	840
565	851
565	880
565	999
566	360
566	743
566	799
566	801
566	853
566	924
566	933
566	975
566	976
567	446
567	543
567	616
567	636
567	684
567	748
567	865
567	869
567	889
568	200
568	721
568	831
568	923
568	946
568	962
568	974
568	975
568	991
569	76
569	457
569	562
569	610
569	800
569	881
569	889
569	912
569	917
570	271
570	353
570	725
570	840
570	897
570	928
570	937
570	941
570	998
571	378
571	478
571	818
571	822
571	894
571	950
571	969
571	973
571	993
572	159
572	187
572	329
572	343
572	359
572	634
572	654
572	655
572	929
573	89
573	123
573	143
573	233
573	473
573	503
573	879
573	985
573	995
574	355
574	559
574	609
574	712
574	730
574	750
574	767
574	779
574	808
575	156
575	166
575	167
575	173
575	282
575	304
575	366
575	534
575	588
576	80
576	263
576	265
576	365
576	471
576	547
576	636
576	785
576	794
577	128
577	634
577	690
577	774
577	892
577	900
577	901
577	906
577	938
578	82
578	745
578	793
578	831
578	889
578	923
578	962
578	974
578	975
579	66
579	256
579	323
579	370
579	407
579	437
579	524
579	597
579	982
580	94
580	226
580	361
580	435
580	463
580	474
580	585
580	863
580	872
581	209
581	244
581	362
581	536
581	696
581	732
581	746
581	810
581	838
582	539
582	613
582	643
582	646
582	668
582	714
582	741
582	829
582	915
583	499
583	703
583	877
583	884
583	916
583	917
583	929
583	984
583	998
584	688
584	869
584	897
584	932
584	947
584	966
584	993
584	999
584	1000
585	94
585	226
585	361
585	399
585	463
585	474
585	580
585	751
585	862
586	108
586	144
586	402
586	431
586	447
586	488
586	544
586	647
586	734
587	105
587	169
587	247
587	418
587	449
587	516
587	707
587	727
587	808
588	151
588	156
588	166
588	167
588	173
588	304
588	575
588	753
588	805
589	122
589	243
589	517
589	948
589	954
589	977
589	988
589	991
589	995
590	279
590	637
590	657
590	663
590	665
590	726
590	737
590	746
590	814
591	824
591	858
591	889
591	923
591	946
591	962
591	974
591	975
591	979
592	203
592	268
592	763
592	809
592	830
592	847
592	925
592	951
592	952
593	319
593	453
593	784
593	845
593	933
593	942
593	985
593	987
593	998
594	198
594	285
594	561
594	632
594	800
594	875
594	912
594	917
594	948
595	517
595	693
595	704
595	773
595	866
595	873
595	890
595	899
595	949
596	22
596	132
596	151
596	336
596	552
596	602
596	708
596	715
596	926
597	28
597	356
597	579
597	724
597	783
597	854
597	856
597	857
598	205
598	842
598	852
598	868
598	909
598	963
598	979
598	990
598	992
599	763
599	810
599	854
599	872
599	881
599	936
599	940
599	959
599	997
600	4
600	47
600	173
600	609
600	739
600	809
600	925
600	928
600	951
601	164
601	230
601	427
601	456
601	463
601	500
601	531
601	557
601	958
602	22
602	52
602	91
602	132
602	386
602	596
602	708
602	779
602	957
603	507
603	548
603	649
603	700
603	765
603	851
603	947
603	999
603	1000
604	227
604	846
604	879
604	911
604	931
604	934
604	939
604	949
604	965
605	520
605	685
605	746
605	948
605	954
605	977
605	988
605	991
605	995
606	433
606	618
606	650
606	701
606	790
606	803
606	882
606	891
606	972
607	37
607	665
607	758
607	846
607	879
607	931
607	934
607	939
607	965
608	559
608	834
608	886
608	960
608	972
608	980
608	989
608	992
608	996
609	119
609	122
609	574
609	600
609	682
609	739
609	763
609	940
609	951
610	21
610	562
610	569
610	712
610	794
610	800
610	875
610	912
610	917
611	6
611	68
611	313
611	415
611	454
611	638
611	753
611	764
611	796
612	369
612	638
612	766
612	855
612	859
612	887
612	915
612	918
612	922
613	14
613	52
613	582
613	643
613	646
613	714
613	741
613	829
613	959
614	357
614	441
614	447
614	450
614	624
614	672
614	732
614	806
614	914
615	16
615	109
615	705
615	783
615	790
615	803
615	869
615	882
615	891
616	299
616	543
616	567
616	684
616	748
616	756
616	865
616	869
616	889
617	721
617	785
617	895
617	920
617	943
617	953
617	970
617	978
617	982
618	193
618	606
618	699
618	718
618	750
618	790
618	803
618	882
618	891
619	397
619	534
619	624
619	625
619	771
619	908
619	949
619	956
619	961
619	971
620	347
620	519
620	670
620	681
620	686
620	715
620	785
620	833
620	885
620	924
621	368
621	475
621	519
621	670
621	681
621	758
621	833
621	873
621	885
621	980
622	63
622	401
622	774
622	853
622	900
622	924
622	935
622	952
622	967
622	976
623	127
623	255
623	455
623	648
623	650
623	673
623	851
623	859
623	880
623	907
624	394
624	419
624	450
624	547
624	558
624	614
624	619
624	691
624	876
624	914
625	318
625	424
625	432
625	619
625	848
625	894
625	908
625	949
625	961
625	971
626	1
626	140
626	291
626	542
626	676
626	789
626	864
626	871
626	911
626	927
627	129
627	168
627	641
627	717
627	835
627	883
627	913
627	950
627	969
627	972
628	144
628	639
628	648
628	687
628	842
628	895
628	953
628	970
628	978
628	982
629	68
629	87
629	137
629	453
629	539
629	675
629	722
629	744
629	792
629	800
630	251
630	253
630	307
630	491
630	786
630	833
630	890
630	899
630	983
630	1000
631	129
631	146
631	168
631	363
631	372
631	414
631	485
631	661
631	930
631	968
632	174
632	561
632	594
632	692
632	794
632	800
632	817
632	900
632	912
632	917
633	549
633	731
633	782
633	873
633	895
633	920
633	953
633	970
633	978
633	982
634	159
634	171
634	187
634	329
634	572
634	577
634	654
634	655
634	671
634	962
635	75
635	284
635	382
635	462
635	468
635	535
635	738
635	750
635	821
635	955
636	80
636	240
636	263
636	265
636	365
636	471
636	541
636	567
636	576
636	871
637	68
637	239
637	453
637	539
637	590
637	675
637	744
637	792
637	877
637	878
638	98
638	261
638	415
638	454
638	480
638	611
638	612
638	753
638	796
638	857
639	39
639	313
639	628
639	711
639	920
639	953
639	970
639	978
639	982
639	994
640	412
640	558
640	709
640	793
640	869
640	923
640	946
640	962
640	974
640	975
641	627
641	680
641	783
641	835
641	836
641	894
641	913
641	947
641	950
641	969
642	260
642	328
642	383
642	558
642	732
642	744
642	806
642	876
642	914
642	917
643	12
643	144
643	147
643	582
643	613
643	714
643	719
643	741
643	804
643	829
644	306
644	715
644	813
644	878
644	948
644	954
644	956
644	988
644	991
644	995
645	77
645	366
645	825
645	841
645	884
645	896
645	951
645	984
645	987
645	998
646	14
646	101
646	420
646	582
646	613
646	714
646	741
646	829
646	835
646	920
647	20
647	108
647	402
647	418
647	431
647	544
647	586
647	734
647	756
647	765
648	64
648	623
648	628
648	663
648	758
648	797
648	948
648	957
648	999
648	1000
649	225
649	603
649	755
649	765
649	780
649	795
649	816
649	947
649	999
649	1000
650	41
650	248
650	528
650	565
650	606
650	623
650	673
650	766
650	807
650	880
651	167
651	371
651	377
651	710
651	720
651	775
651	852
651	963
651	979
651	990
652	69
652	163
652	201
652	205
652	235
652	338
652	460
652	491
652	505
652	907
653	48
653	276
653	362
653	536
653	696
653	725
653	738
653	746
653	810
653	926
654	159
654	171
654	187
654	296
654	329
654	478
654	572
654	634
654	655
654	888
655	159
655	171
655	187
655	329
655	377
655	572
655	634
655	654
655	861
655	893
656	151
656	245
656	252
656	271
656	372
656	436
656	498
656	545
656	677
656	973
657	131
657	222
657	231
657	279
657	413
657	590
657	659
657	726
657	737
657	814
658	49
658	479
658	801
658	831
658	838
658	861
658	924
658	933
658	967
658	976
659	421
659	495
659	657
659	808
659	820
659	904
659	930
659	978
659	981
659	996
660	267
660	283
660	358
660	462
660	468
660	535
660	738
660	776
660	788
660	802
661	115
661	146
661	168
661	254
661	306
661	363
661	372
661	414
661	485
661	631
662	158
662	201
662	556
662	780
662	836
662	845
662	861
662	910
662	985
662	987
663	120
663	266
663	562
663	590
663	648
663	665
663	726
663	737
663	814
663	866
664	90
664	185
664	213
664	683
664	749
664	771
664	798
664	805
664	811
664	844
665	222
665	410
665	590
665	607
665	663
665	677
665	726
665	735
665	737
665	814
666	306
666	380
666	422
666	526
666	560
666	562
666	679
666	733
666	817
666	916
667	19
667	200
667	202
667	238
667	371
667	464
667	547
667	742
667	754
667	996
668	352
668	582
668	741
668	948
668	954
668	956
668	977
668	988
668	991
668	995
669	375
669	385
669	432
669	720
669	850
669	876
669	908
669	958
669	961
669	971
670	470
670	519
670	620
670	621
670	681
670	715
670	731
670	833
670	849
670	885
671	10
671	242
671	318
671	492
671	634
671	693
671	773
671	866
671	873
671	966
671	991
672	207
672	543
672	614
672	713
672	784
672	843
672	845
672	861
672	942
672	985
672	987
673	121
673	298
673	339
673	521
673	550
673	565
673	623
673	650
673	851
673	880
673	972
674	26
674	160
674	308
674	348
674	355
674	559
674	712
674	730
674	767
674	779
674	872
675	239
675	243
675	346
675	453
675	629
675	637
675	744
675	792
675	904
675	925
675	955
676	42
676	212
676	257
676	626
676	703
676	789
676	864
676	871
676	892
676	911
676	927
677	120
677	131
677	222
677	266
677	656
677	665
677	726
677	737
677	814
677	886
677	923
678	180
678	282
678	777
678	800
678	839
678	842
678	852
678	909
678	963
678	979
678	990
679	3
679	67
679	306
679	459
679	482
679	526
679	560
679	666
679	733
679	787
679	817
680	34
680	428
680	484
680	641
680	717
680	822
680	844
680	894
680	913
680	950
680	969
681	295
681	475
681	620
681	621
681	670
681	715
681	803
681	833
681	885
681	895
681	1000
682	344
682	511
682	609
682	763
682	767
682	770
682	809
682	830
682	832
682	925
682	951
683	8
683	180
683	185
683	266
683	289
683	409
683	664
683	749
683	798
683	805
683	811
684	356
684	518
684	543
684	557
684	567
684	616
684	748
684	865
684	869
684	889
684	994
685	329
685	390
685	605
685	764
685	862
685	919
685	921
685	943
685	966
685	986
685	993
686	29
686	295
686	368
686	475
686	504
686	546
686	620
686	715
686	833
686	880
686	885
687	228
687	486
687	628
687	759
687	768
687	826
687	910
687	953
687	970
687	978
687	982
688	509
688	584
688	700
688	720
688	765
688	894
688	908
688	957
688	966
688	999
688	1000
689	479
689	733
689	825
689	890
689	916
689	936
689	940
689	944
689	955
689	959
689	997
690	31
690	376
690	465
690	577
690	722
690	774
690	900
690	901
690	906
690	935
690	938
691	260
691	341
691	439
691	450
691	558
691	624
691	732
691	806
691	876
691	914
691	979
692	305
692	398
692	562
692	632
692	794
692	800
692	826
692	875
692	912
692	917
692	923
693	130
693	232
693	243
693	488
693	492
693	595
693	671
693	704
693	773
693	866
693	873
694	218
694	460
694	478
694	821
694	827
694	871
694	894
694	913
694	950
694	969
694	979
695	235
695	551
695	707
695	725
695	834
695	840
695	874
695	897
695	928
695	937
695	941
696	5
696	110
696	209
696	244
696	362
696	528
696	581
696	653
696	746
696	810
696	970
697	25
697	723
697	867
697	886
697	898
697	960
697	972
697	977
697	980
697	992
697	996
698	529
698	860
698	867
698	886
698	946
698	948
698	960
698	972
698	980
698	992
698	996
699	16
699	433
699	492
699	618
699	718
699	790
699	803
699	871
699	882
699	891
699	966
700	288
700	509
700	540
700	603
700	688
700	898
700	957
700	966
700	982
700	999
700	1000
701	130
701	153
701	287
701	606
701	774
701	787
701	892
701	900
701	901
701	906
701	938
702	25
702	420
702	495
702	525
702	808
702	812
702	889
702	904
702	908
702	938
702	981
703	59
703	107
703	467
703	583
703	676
703	825
703	860
703	896
703	929
703	984
703	998
704	242
704	480
704	517
704	595
704	693
704	727
704	734
704	773
704	797
704	866
704	873
705	615
705	710
705	798
705	819
705	867
705	886
705	960
705	972
705	980
705	992
705	996
706	67
706	789
706	802
706	825
706	841
706	855
706	860
706	896
706	929
706	984
706	998
707	37
707	46
707	247
707	449
707	516
707	538
707	587
707	695
707	727
707	807
707	928
708	91
708	132
708	190
708	295
708	336
708	438
708	502
708	552
708	596
708	602
708	991
709	393
709	506
709	640
709	745
709	793
709	858
709	923
709	946
709	960
709	974
709	975
710	356
710	498
710	651
710	705
710	886
710	922
710	960
710	972
710	980
710	992
710	996
711	542
711	639
711	782
711	826
711	885
711	895
711	953
711	967
711	970
711	978
711	982
712	26
712	222
712	312
712	355
712	559
712	574
712	610
712	674
712	730
712	767
712	779
713	184
713	309
713	329
713	462
713	672
713	780
713	837
713	942
713	985
713	987
713	993
714	12
714	14
714	191
714	582
714	613
714	643
714	646
714	741
714	829
714	958
714	969
715	475
715	546
715	596
715	620
715	644
715	670
715	681
715	686
715	833
715	885
715	956
715	995
716	96
716	145
716	183
716	310
716	416
716	497
716	531
716	781
716	783
716	785
716	881
716	968
717	69
717	358
717	440
717	627
717	680
717	822
717	835
717	913
717	926
717	950
717	961
717	969
718	9
718	296
718	301
718	399
718	422
718	433
718	487
718	618
718	699
718	882
718	891
718	939
719	111
719	220
719	379
719	385
719	496
719	548
719	643
719	791
719	813
719	822
719	823
719	988
720	357
720	651
720	669
720	688
720	777
720	815
720	868
720	909
720	942
720	963
720	979
720	990
721	284
721	568
721	617
721	824
721	864
721	866
721	923
721	946
721	962
721	974
721	975
721	978
722	125
722	265
722	281
722	554
722	629
722	690
722	774
722	787
722	852
722	900
722	906
722	938
723	147
723	206
723	697
723	779
723	867
723	868
723	886
723	960
723	972
723	980
723	992
723	996
724	374
724	426
724	445
724	597
724	743
724	783
724	854
724	856
724	857
724	881
724	907
725	359
725	570
725	653
725	695
725	782
725	840
725	874
725	897
725	928
725	937
725	941
725	976
726	120
726	253
726	275
726	549
726	590
726	657
726	663
726	665
726	677
726	737
726	814
726	899
727	17
727	46
727	105
727	169
727	247
727	449
727	516
727	538
727	559
727	587
727	704
727	707
728	425
728	830
728	832
728	834
728	843
728	850
728	863
728	905
728	926
728	964
728	989
728	994
729	8
729	217
729	297
729	347
729	380
729	410
729	508
729	761
729	764
729	772
729	793
729	807
730	26
730	195
730	308
730	348
730	559
730	574
730	674
730	712
730	767
730	779
730	845
730	877
731	109
731	198
731	283
731	420
731	429
731	633
731	670
731	932
731	947
731	966
731	999
731	1000
732	331
732	419
732	441
732	581
732	614
732	642
732	691
732	752
732	806
732	875
732	876
732	914
733	3
733	152
733	262
733	306
733	401
733	459
733	560
733	666
733	679
733	689
733	817
733	996
734	20
734	108
734	144
734	402
734	431
734	470
734	544
734	586
734	647
734	704
734	787
734	966
735	134
735	364
735	665
735	756
735	836
735	902
735	903
735	919
735	943
735	973
735	986
735	993
736	141
736	367
736	417
736	757
736	786
736	819
736	849
736	867
736	898
736	899
736	974
736	983
737	131
737	266
737	279
737	590
737	657
737	663
737	665
737	677
737	726
737	842
737	898
737	960
738	9
738	312
738	382
738	462
738	514
738	535
738	635
738	653
738	660
738	750
738	788
738	802
739	12
739	86
739	203
739	348
739	600
739	609
739	760
739	763
739	770
739	847
739	888
739	951
740	74
740	322
740	346
740	838
740	848
740	894
740	924
740	933
740	935
740	952
740	967
740	976
741	12
741	20
741	101
741	147
741	582
741	613
741	643
741	646
741	668
741	714
741	829
741	985
742	19
742	200
742	238
742	331
742	371
742	464
742	474
742	547
742	667
742	749
742	752
742	850
743	115
743	122
743	158
743	490
743	566
743	724
743	848
743	924
743	933
743	935
743	952
743	967
744	68
744	239
744	243
744	320
744	453
744	539
744	629
744	637
744	642
744	675
744	792
744	916
745	284
745	354
745	386
745	578
745	709
745	858
745	906
745	923
745	946
745	962
745	974
745	975
746	5
746	165
746	244
746	276
746	362
746	581
746	590
746	605
746	653
746	696
746	810
746	980
747	32
747	276
747	347
747	380
747	386
747	508
747	761
747	764
747	772
747	808
747	828
747	967
748	11
748	79
748	222
748	240
748	363
748	518
748	567
748	616
748	684
748	865
748	869
748	889
749	192
749	285
749	394
749	505
749	664
749	683
749	742
749	798
749	800
749	805
749	811
749	860
750	75
750	294
750	358
750	382
750	514
750	561
750	574
750	618
750	635
750	738
750	788
750	802
751	54
751	127
751	255
751	304
751	360
751	521
751	550
751	585
751	807
751	830
751	851
751	880
752	224
752	469
752	499
752	732
752	742
752	825
752	860
752	884
752	919
752	929
752	959
752	984
752	998
753	59
753	261
753	313
753	411
753	415
753	454
753	508
753	524
753	588
753	611
753	638
753	796
753	913
754	351
754	667
754	759
754	775
754	777
754	815
754	839
754	868
754	904
754	909
754	963
754	979
754	990
755	113
755	486
755	525
755	649
755	797
755	816
755	879
755	912
755	932
755	947
755	957
755	966
755	999
756	335
756	522
756	534
756	616
756	647
756	735
756	848
756	862
756	882
756	888
756	919
756	943
756	973
757	39
757	63
757	178
757	245
757	307
757	332
757	417
757	422
757	452
757	736
757	778
757	899
757	983
758	64
758	244
758	607
758	621
758	648
758	797
758	816
758	947
758	957
758	965
758	966
758	999
758	1000
759	428
759	687
759	754
759	775
759	777
759	839
759	852
759	868
759	909
759	963
759	975
759	979
759	990
760	251
760	307
760	451
760	739
760	778
760	782
760	786
760	826
760	849
760	890
760	963
760	968
760	983
761	32
761	297
761	338
761	347
761	348
761	410
761	508
761	729
761	747
761	764
761	772
761	837
761	909
762	101
762	246
762	381
762	443
762	549
762	846
762	879
762	931
762	934
762	939
762	945
762	965
762	999
763	175
763	211
763	227
763	333
763	592
763	599
763	609
763	682
763	739
763	770
763	809
763	925
763	951
764	32
764	347
764	380
764	410
764	508
764	611
764	685
764	729
764	747
764	761
764	772
764	804
764	943
765	150
765	226
765	420
765	603
765	647
765	649
765	688
765	868
765	936
765	947
765	966
765	999
765	1000
766	52
766	403
766	432
766	612
766	650
766	855
766	859
766	887
766	915
766	918
766	922
767	56
767	308
767	348
767	355
767	559
767	574
767	674
767	682
767	712
767	730
767	779
767	851
767	897
768	344
768	687
768	782
768	826
768	870
768	882
768	895
768	935
768	953
768	970
768	978
768	979
768	982
769	340
769	399
769	472
769	523
769	556
769	780
769	784
769	836
769	837
769	855
769	862
769	985
769	987
770	333
770	682
770	739
770	763
770	809
770	830
770	847
770	854
770	867
770	925
770	943
770	948
770	951
771	352
771	537
771	619
771	664
771	795
771	815
771	850
771	893
771	949
771	958
771	961
771	971
771	974
772	8
772	297
772	347
772	380
772	386
772	410
772	530
772	729
772	747
772	761
772	764
772	866
772	982
773	17
773	56
773	146
773	492
773	517
773	595
773	671
773	693
773	704
773	785
773	863
773	866
773	873
774	147
774	241
774	376
774	577
774	622
774	690
774	701
774	722
774	787
774	900
774	906
774	938
774	972
775	235
775	471
775	651
775	754
775	759
775	815
775	839
775	842
775	902
775	946
775	963
775	979
775	990
776	17
776	214
776	317
776	335
776	390
776	400
776	660
776	818
776	850
776	862
776	973
776	986
776	993
777	391
777	678
777	720
777	754
777	759
777	852
777	868
777	911
777	936
777	963
777	965
777	979
777	990
778	107
778	393
778	757
778	760
778	819
778	849
778	890
778	898
778	918
778	930
778	968
778	983
778	993
779	256
779	308
779	348
779	355
779	559
779	574
779	602
779	674
779	712
779	723
779	730
779	767
779	900
780	205
780	316
780	472
780	649
780	662
780	713
780	769
780	836
780	845
780	891
780	942
780	987
780	993
781	31
781	96
781	145
781	154
781	178
781	183
781	193
781	310
781	416
781	497
781	716
781	785
781	926
782	633
782	711
782	725
782	760
782	768
782	826
782	884
782	895
782	905
782	920
782	953
782	970
782	978
782	982
783	197
783	317
783	374
783	426
783	445
783	597
783	615
783	641
783	716
783	724
783	847
783	854
783	856
783	857
784	319
784	346
784	556
784	593
784	672
784	769
784	806
784	812
784	861
784	918
784	942
784	979
784	985
784	987
785	96
785	145
785	154
785	183
785	310
785	337
785	416
785	497
785	576
785	617
785	620
785	716
785	773
785	781
786	159
786	494
786	509
786	630
786	736
786	760
786	819
786	849
786	856
786	898
786	899
786	968
786	983
786	986
787	112
787	204
787	524
787	554
787	679
787	701
787	722
787	734
787	774
787	892
787	900
787	901
787	906
787	952
788	107
788	358
788	382
788	462
788	468
788	514
788	535
788	660
788	738
788	750
788	802
788	817
788	818
788	870
789	24
789	114
789	212
789	448
789	465
789	466
789	626
789	676
789	706
789	864
789	868
789	911
789	927
789	997
790	109
790	221
790	296
790	399
790	408
790	606
790	615
790	618
790	699
790	803
790	849
790	882
790	891
790	977
791	55
791	77
791	100
791	145
791	220
791	353
791	379
791	385
791	548
791	719
791	813
791	823
791	914
791	931
792	68
792	137
792	239
792	243
792	453
792	539
792	629
792	637
792	675
792	744
792	822
792	911
792	915
792	968
793	578
793	640
793	709
793	729
793	824
793	858
793	904
793	923
793	938
793	946
793	962
793	974
793	975
793	999
794	83
794	149
794	251
794	561
794	576
794	610
794	632
794	692
794	800
794	852
794	875
794	912
794	917
794	966
795	15
795	375
795	540
795	649
795	771
795	831
795	848
795	850
795	909
795	949
795	958
795	970
795	971
795	994
796	59
796	70
796	98
796	261
796	313
796	411
796	415
796	432
796	454
796	473
796	611
796	638
796	753
796	892
797	469
797	509
797	648
797	704
797	755
797	758
797	816
797	932
797	947
797	957
797	966
797	975
797	983
797	999
798	185
798	264
798	285
798	394
798	505
798	664
798	683
798	705
798	749
798	805
798	811
798	896
798	937
798	950
799	401
799	493
799	566
799	801
799	838
799	858
799	921
799	924
799	933
799	935
799	952
799	957
799	967
799	976
800	523
800	561
800	569
800	594
800	610
800	629
800	632
800	678
800	692
800	749
800	794
800	875
800	912
800	972
801	396
801	417
801	424
801	437
801	490
801	566
801	658
801	799
801	850
801	853
801	933
801	935
801	967
801	976
802	75
802	246
802	358
802	382
802	462
802	468
802	514
802	660
802	706
802	738
802	750
802	788
802	915
802	978
803	16
803	230
803	296
803	606
803	615
803	618
803	681
803	699
803	790
803	882
803	891
803	912
803	935
803	946
804	36
804	99
804	186
804	216
804	262
804	326
804	360
804	454
804	515
804	541
804	563
804	643
804	764
804	853
805	114
805	213
805	285
805	409
805	505
805	588
805	664
805	683
805	749
805	798
805	811
805	854
805	964
805	965
806	260
806	383
806	416
806	419
806	441
806	527
806	564
806	614
806	642
806	691
806	732
806	784
806	876
806	914
807	54
807	127
807	248
807	301
807	455
807	528
807	550
807	650
807	707
807	729
807	751
807	851
807	880
807	959
808	115
808	388
808	421
808	532
808	574
808	587
808	659
808	702
808	747
808	820
808	821
808	827
808	921
808	981
809	85
809	267
809	294
809	440
809	511
809	592
809	600
809	682
809	763
809	770
809	811
809	847
809	862
809	951
810	5
810	48
810	209
810	276
810	362
810	536
810	581
810	599
810	653
810	696
810	746
810	872
810	881
810	970
811	62
811	250
811	285
811	394
811	409
811	459
811	505
811	563
811	664
811	683
811	749
811	798
811	805
811	809
812	274
812	324
812	525
812	533
812	702
812	784
812	821
812	855
812	877
812	878
812	883
812	904
812	930
812	997
813	55
813	111
813	220
813	353
813	379
813	496
813	548
813	551
813	562
813	644
813	719
813	791
813	823
813	937
814	131
814	204
814	222
814	224
814	248
814	266
814	279
814	590
814	657
814	663
814	665
814	677
814	726
814	948
815	65
815	89
815	358
815	720
815	754
815	771
815	775
815	839
815	842
815	868
815	909
815	963
815	979
815	990
816	283
816	423
816	425
816	649
816	755
816	758
816	797
816	932
816	934
816	947
816	957
816	966
816	986
816	1000
817	3
817	18
817	152
817	422
817	459
817	526
817	560
817	632
817	666
817	679
817	733
817	788
817	961
817	997
818	17
818	303
818	522
818	571
818	776
818	788
818	862
818	902
818	913
818	919
818	921
818	943
818	986
818	987
818	993
819	89
819	141
819	451
819	705
819	736
819	778
819	786
819	849
819	856
819	875
819	890
819	898
819	899
819	962
819	968
820	229
820	263
820	274
820	421
820	499
820	525
820	541
820	659
820	808
820	877
820	883
820	904
820	930
820	964
820	981
821	104
821	115
821	215
821	484
821	492
821	635
821	694
821	808
821	812
821	877
821	883
821	904
821	906
821	940
821	981
822	286
822	378
822	478
822	571
822	680
822	717
822	719
822	792
822	835
822	839
822	880
822	894
822	913
822	950
822	969
823	55
823	77
823	111
823	120
823	220
823	310
823	379
823	385
823	496
823	526
823	548
823	719
823	791
823	813
823	838
824	18
824	50
824	132
824	199
824	477
824	591
824	721
824	793
824	858
824	923
824	946
824	962
824	974
824	975
824	978
825	44
825	438
825	469
825	645
825	689
825	703
825	706
825	752
825	841
825	860
825	861
825	891
825	896
825	929
825	998
826	249
826	539
826	540
826	687
826	692
826	711
826	760
826	768
826	782
826	895
826	920
826	953
826	970
826	978
826	982
827	194
827	215
827	274
827	388
827	413
827	421
827	506
827	694
827	808
827	861
827	883
827	904
827	930
827	950
827	981
828	257
828	381
828	503
828	747
828	872
828	881
828	910
828	916
828	936
828	940
828	944
828	952
828	955
828	959
828	997
829	12
829	14
829	101
829	147
829	179
829	270
829	319
829	582
829	613
829	643
829	646
829	714
829	741
829	935
829	963
830	86
830	267
830	277
830	294
830	511
830	592
830	682
830	728
830	751
830	770
830	847
830	862
830	879
830	925
830	951
831	47
831	430
831	568
831	578
831	658
831	795
831	848
831	850
831	888
831	893
831	908
831	949
831	958
831	961
831	971
832	302
832	428
832	476
832	682
832	728
832	834
832	863
832	867
832	905
832	906
832	907
832	926
832	964
832	989
832	994
833	97
833	295
833	305
833	519
833	535
833	546
833	620
833	621
833	630
833	670
833	681
833	686
833	715
833	854
833	885
834	153
834	383
834	608
834	695
834	728
834	832
834	843
834	863
834	905
834	907
834	921
834	926
834	964
834	989
834	994
835	93
835	129
835	296
835	428
835	460
835	480
835	627
835	641
835	646
835	717
835	822
835	894
835	913
835	950
835	969
835	974
836	319
836	472
836	641
836	662
836	735
836	769
836	780
836	837
836	845
836	861
836	894
836	942
836	982
836	985
836	987
836	999
837	207
837	309
837	316
837	333
837	713
837	761
837	769
837	836
837	845
837	861
837	883
837	906
837	942
837	975
837	985
837	987
838	271
838	396
838	493
838	581
838	658
838	740
838	799
838	823
838	853
838	897
838	933
838	935
838	952
838	967
838	970
838	976
839	416
839	456
839	678
839	754
839	759
839	775
839	815
839	822
839	842
839	852
839	909
839	934
839	963
839	979
839	984
839	990
840	40
840	84
840	281
840	342
840	369
840	455
840	551
840	565
840	570
840	695
840	725
840	874
840	897
840	928
840	937
840	941
841	136
841	323
841	326
841	327
841	366
841	423
841	499
841	645
841	706
841	825
841	860
841	884
841	929
841	958
841	984
841	998
842	82
842	150
842	380
842	598
842	628
842	678
842	737
842	775
842	815
842	839
842	852
842	868
842	963
842	979
842	981
842	990
843	33
843	241
843	302
843	340
843	501
843	672
843	728
843	834
843	863
843	905
843	907
843	926
843	964
843	980
843	989
843	994
844	78
844	161
844	162
844	179
844	270
844	458
844	480
844	481
844	510
844	523
844	555
844	664
844	680
844	859
844	870
844	999
845	30
845	49
845	85
845	130
845	593
845	662
845	672
845	730
845	780
845	836
845	837
845	929
845	942
845	962
845	985
845	987
846	112
846	330
846	350
846	412
846	549
846	604
846	607
846	762
846	879
846	931
846	934
846	939
846	945
846	946
846	955
846	965
847	86
847	267
847	294
847	333
847	511
847	592
847	739
847	770
847	783
847	809
847	830
847	897
847	925
847	951
847	967
847	968
848	51
848	537
848	625
848	740
848	743
848	756
848	795
848	831
848	893
848	908
848	930
848	935
848	949
848	958
848	961
848	971
849	263
849	307
849	452
849	670
849	736
849	760
849	778
849	786
849	790
849	819
849	853
849	885
849	898
849	899
849	968
849	983
850	430
850	449
850	461
850	537
850	669
850	728
850	742
850	771
850	776
850	795
850	801
850	831
850	908
850	949
850	958
850	971
851	121
851	200
851	248
851	514
851	521
851	528
851	550
851	565
851	603
851	623
851	673
851	751
851	767
851	807
851	880
851	953
852	196
852	260
852	598
852	651
852	678
852	722
852	759
852	777
852	794
852	839
852	842
852	909
852	963
852	976
852	979
852	990
853	74
853	88
853	445
853	566
853	622
853	801
853	804
853	838
853	849
853	924
853	933
853	935
853	938
853	952
853	967
853	976
854	90
854	197
854	317
854	374
854	426
854	445
854	597
854	599
854	724
854	770
854	783
854	805
854	833
854	856
854	857
854	971
855	174
855	321
855	325
855	444
855	553
855	612
855	706
855	766
855	769
855	812
855	859
855	887
855	915
855	918
855	922
856	90
856	197
856	317
856	374
856	426
856	445
856	526
856	597
856	724
856	783
856	786
856	819
856	854
856	857
856	956
856	967
857	44
857	90
857	197
857	317
857	374
857	426
857	445
857	474
857	597
857	638
857	724
857	783
857	854
857	856
857	937
857	946
858	199
858	275
858	284
858	411
858	446
858	559
858	591
858	709
858	745
858	793
858	799
858	824
858	923
858	946
858	962
858	973
858	974
859	392
859	553
859	612
859	623
859	766
859	844
859	855
859	887
859	915
859	918
859	922
859	941
859	987
860	287
860	361
860	482
860	499
860	530
860	698
860	703
860	706
860	749
860	752
860	825
860	841
860	884
860	912
860	929
860	984
860	998
861	379
861	472
861	475
861	523
861	556
861	655
861	658
861	662
861	672
861	784
861	825
861	827
861	836
861	837
861	942
861	985
861	987
862	8
862	124
862	413
862	443
862	585
862	685
862	756
862	769
862	776
862	809
862	818
862	830
862	888
862	921
862	943
862	986
862	993
863	320
863	403
863	477
863	580
863	728
863	773
863	832
863	834
863	843
863	871
863	894
863	905
863	907
863	926
863	964
863	989
863	994
864	51
864	134
864	207
864	258
864	277
864	448
864	465
864	466
864	542
864	626
864	676
864	721
864	789
864	871
864	911
864	927
864	981
865	25
865	79
865	93
865	95
865	217
865	268
865	309
865	320
865	518
865	543
865	567
865	616
865	684
865	748
865	869
865	889
865	914
866	56
866	130
866	189
866	242
866	318
866	492
866	517
866	595
866	663
866	671
866	693
866	704
866	721
866	772
866	773
866	873
866	943
867	123
867	439
867	537
867	697
867	698
867	705
867	723
867	736
867	770
867	832
867	886
867	910
867	960
867	972
867	980
867	992
867	996
868	48
868	311
868	598
868	720
868	723
868	754
868	759
868	765
868	777
868	789
868	815
868	842
868	909
868	968
868	979
868	990
868	992
869	79
869	93
869	95
869	268
869	460
869	508
869	518
869	543
869	567
869	584
869	615
869	616
869	640
869	684
869	748
869	865
869	889
870	78
870	161
870	162
870	179
870	270
870	288
870	458
870	480
870	481
870	510
870	555
870	768
870	788
870	844
870	883
870	922
870	971
871	24
871	134
871	277
871	448
871	465
871	466
871	542
871	626
871	636
871	676
871	694
871	699
871	863
871	864
871	878
871	911
871	927
872	425
872	527
872	580
872	599
872	674
872	810
872	828
872	881
872	910
872	912
872	916
872	936
872	940
872	944
872	959
872	964
872	997
873	56
873	130
873	242
873	318
873	485
873	492
873	517
873	595
873	621
873	633
873	671
873	693
873	704
873	773
873	866
873	927
873	1000
874	40
874	137
874	230
874	245
874	369
874	373
874	459
874	551
874	695
874	725
874	840
874	897
874	903
874	909
874	928
874	937
874	941
875	76
875	194
875	289
875	305
875	561
875	562
875	594
875	610
875	692
875	732
875	794
875	800
875	819
875	912
875	917
875	928
875	991
876	39
876	226
876	260
876	383
876	419
876	447
876	450
876	552
876	558
876	624
876	642
876	669
876	691
876	732
876	806
876	914
876	973
877	194
877	229
877	324
877	344
877	382
877	388
877	495
877	525
877	533
877	583
877	637
877	730
877	812
877	820
877	821
877	930
877	981
878	4
878	62
878	231
878	424
878	438
878	487
878	564
878	637
878	644
878	812
878	871
878	948
878	954
878	956
878	977
878	988
878	991
878	995
879	61
879	387
879	391
879	520
879	549
879	573
879	604
879	607
879	755
879	762
879	830
879	846
879	931
879	934
879	939
879	945
879	965
879	972
880	54
880	121
880	123
880	203
880	248
880	455
880	521
880	528
880	550
880	565
880	623
880	650
880	673
880	686
880	751
880	807
880	822
880	851
881	103
881	389
881	457
881	569
881	599
881	716
881	724
881	810
881	828
881	872
881	910
881	916
881	936
881	940
881	944
881	955
881	959
881	997
882	9
882	109
882	296
882	399
882	433
882	553
882	606
882	615
882	618
882	699
882	718
882	756
882	768
882	790
882	803
882	891
882	951
882	954
883	73
883	180
883	194
883	290
883	484
883	525
883	533
883	627
883	812
883	820
883	821
883	827
883	837
883	870
883	899
883	904
883	945
883	952
884	67
884	81
884	224
884	298
884	391
884	530
884	583
884	645
884	752
884	782
884	841
884	860
884	896
884	929
884	932
884	947
884	984
884	998
885	81
885	241
885	295
885	319
885	368
885	475
885	519
885	546
885	620
885	621
885	670
885	681
885	686
885	711
885	715
885	833
885	849
885	939
886	202
886	511
886	550
886	608
886	677
886	697
886	698
886	705
886	710
886	723
886	867
886	921
886	929
886	960
886	972
886	980
886	992
886	996
887	240
887	259
887	325
887	553
887	612
887	766
887	855
887	859
887	909
887	915
887	918
887	920
887	922
887	975
887	1000
888	60
888	102
888	335
888	364
888	491
888	522
888	654
888	739
888	756
888	831
888	862
888	903
888	919
888	921
888	943
888	973
888	986
888	993
889	11
889	93
889	95
889	268
889	518
889	543
889	567
889	569
889	578
889	591
889	616
889	684
889	702
889	748
889	865
889	869
889	901
889	905
890	21
890	141
890	393
890	451
890	486
890	494
890	595
890	630
890	689
890	760
890	778
890	819
890	898
890	899
890	958
890	968
890	983
890	996
891	9
891	16
891	188
891	399
891	433
891	606
891	615
891	618
891	699
891	718
891	780
891	790
891	803
891	825
891	882
891	965
891	990
891	995
892	112
892	204
892	241
892	281
892	287
892	336
892	383
892	577
892	676
892	701
892	787
892	796
892	900
892	901
892	902
892	906
892	938
892	939
893	47
893	160
893	216
893	369
893	375
893	397
893	405
893	430
893	537
893	655
893	771
893	831
893	848
893	908
893	949
893	961
893	964
893	971
894	428
894	440
894	478
894	571
894	625
894	641
894	680
894	688
894	694
894	740
894	822
894	835
894	836
894	863
894	913
894	950
894	969
894	994
895	406
895	532
895	558
895	617
895	628
895	633
895	681
895	711
895	768
895	782
895	826
895	920
895	930
895	943
895	953
895	965
895	970
895	978
895	982
896	81
896	201
896	210
896	366
896	423
896	469
896	482
896	530
896	645
896	703
896	706
896	798
896	825
896	884
896	929
896	982
896	984
896	992
896	998
897	94
897	193
897	275
897	359
897	369
897	373
897	551
897	570
897	584
897	695
897	725
897	767
897	838
897	840
897	847
897	874
897	928
897	937
897	941
898	99
898	178
898	197
898	417
898	451
898	452
898	494
898	499
898	697
898	700
898	736
898	737
898	778
898	786
898	819
898	849
898	890
898	899
898	968
899	21
899	393
899	450
899	494
899	595
899	630
899	726
899	736
899	757
899	786
899	819
899	849
899	883
899	890
899	898
899	932
899	968
899	983
899	992
900	31
900	217
900	281
900	461
900	554
900	577
900	622
900	632
900	690
900	701
900	722
900	774
900	779
900	787
900	892
900	901
900	906
900	925
900	938
901	31
901	41
901	112
901	136
901	204
901	217
901	269
901	304
901	445
901	554
901	577
901	690
901	701
901	787
901	889
901	892
901	900
901	906
901	938
902	335
902	364
902	400
902	409
902	413
902	443
902	458
902	483
902	534
902	735
902	775
902	818
902	892
902	919
902	943
902	947
902	973
902	986
902	993
903	124
903	334
903	364
903	390
903	411
903	413
903	489
903	735
903	874
903	888
903	919
903	921
903	927
903	942
903	943
903	963
903	973
903	986
903	993
904	40
904	104
904	215
904	405
904	484
904	495
904	659
904	675
904	702
904	754
904	793
904	812
904	820
904	821
904	827
904	883
904	930
904	980
904	981
905	302
905	340
905	380
905	392
905	397
905	728
905	782
905	832
905	834
905	843
905	863
905	889
905	907
905	909
905	922
905	926
905	964
905	989
905	994
906	241
906	281
906	287
906	554
906	577
906	690
906	701
906	722
906	745
906	774
906	787
906	821
906	832
906	837
906	892
906	900
906	901
906	938
906	939
907	2
907	269
907	392
907	476
907	477
907	518
907	623
907	652
907	724
907	832
907	834
907	843
907	863
907	905
907	926
907	959
907	964
907	989
907	994
908	47
908	261
908	412
908	430
908	619
908	625
908	669
908	688
908	702
908	831
908	848
908	850
908	893
908	933
908	941
908	949
908	958
908	961
908	971
909	35
909	377
909	598
909	678
909	720
909	754
909	759
909	761
909	795
909	815
909	839
909	852
909	868
909	874
909	887
909	905
909	963
909	979
909	990
910	170
910	342
910	351
910	389
910	425
910	455
910	456
910	662
910	687
910	828
910	867
910	872
910	881
910	916
910	936
910	944
910	955
910	959
910	971
910	997
911	24
911	134
911	212
911	273
911	277
911	292
911	448
911	465
911	542
911	604
911	626
911	676
911	777
911	789
911	792
911	864
911	871
911	915
911	927
911	939
912	76
912	149
912	289
912	305
912	402
912	561
912	569
912	594
912	610
912	632
912	692
912	755
912	794
912	800
912	803
912	860
912	872
912	875
912	917
912	950
913	218
913	378
913	440
913	460
913	529
913	627
913	641
913	680
913	694
913	717
913	753
913	818
913	822
913	835
913	894
913	925
913	931
913	950
913	969
913	971
914	57
914	260
914	383
914	407
914	419
914	441
914	447
914	450
914	534
914	558
914	614
914	624
914	642
914	691
914	732
914	791
914	806
914	865
914	876
914	931
915	6
915	84
915	111
915	174
915	321
915	325
915	444
915	513
915	553
915	582
915	612
915	766
915	792
915	802
915	855
915	859
915	887
915	911
915	918
915	922
916	292
916	342
916	389
916	505
916	527
916	583
916	666
916	689
916	744
916	828
916	872
916	881
916	910
916	936
916	940
916	944
916	955
916	959
916	980
916	997
917	76
917	149
917	166
917	211
917	289
917	305
917	446
917	561
917	562
917	569
917	583
917	594
917	610
917	632
917	642
917	692
917	794
917	875
917	912
917	986
918	6
918	84
918	174
918	321
918	325
918	444
918	472
918	553
918	612
918	766
918	778
918	784
918	855
918	859
918	887
918	915
918	922
918	947
918	961
918	975
919	46
919	133
919	232
919	325
919	334
919	400
919	410
919	497
919	554
919	685
919	735
919	752
919	756
919	818
919	888
919	902
919	903
919	973
919	986
919	993
920	45
920	301
920	344
920	508
920	532
920	540
920	617
920	633
920	639
920	646
920	782
920	826
920	887
920	895
920	932
920	949
920	953
920	970
920	978
920	982
921	17
921	133
921	334
921	390
921	464
921	470
921	514
921	522
921	534
921	685
921	799
921	808
921	818
921	834
921	862
921	886
921	888
921	903
921	943
921	973
921	986
922	6
922	84
922	174
922	214
922	321
922	325
922	444
922	553
922	557
922	612
922	710
922	766
922	855
922	859
922	870
922	887
922	905
922	915
922	918
922	973
922	999
923	224
923	237
923	446
923	554
923	568
923	578
923	591
923	640
923	677
923	692
923	709
923	721
923	745
923	793
923	824
923	858
923	946
923	969
923	974
923	975
923	990
924	59
924	74
924	88
924	190
924	207
924	327
924	396
924	397
924	566
924	620
924	622
924	658
924	740
924	743
924	799
924	853
924	933
924	952
924	967
924	976
924	983
925	4
925	122
925	203
925	232
925	267
925	294
925	333
925	472
925	488
925	504
925	592
925	600
925	675
925	682
925	763
925	770
925	830
925	847
925	900
925	913
925	951
926	2
926	85
926	148
926	252
926	476
926	477
926	596
926	653
926	717
926	728
926	781
926	832
926	834
926	843
926	863
926	905
926	907
926	964
926	988
926	989
926	994
927	24
927	134
927	212
927	273
927	277
927	292
927	314
927	330
927	437
927	448
927	465
927	466
927	542
927	626
927	676
927	789
927	864
927	871
927	873
927	903
927	911
928	23
928	193
928	230
928	343
928	359
928	369
928	373
928	551
928	570
928	600
928	695
928	707
928	725
928	840
928	874
928	875
928	897
928	937
928	941
928	977
928	981
929	81
929	113
929	300
929	467
929	469
929	530
929	572
929	583
929	703
929	706
929	752
929	825
929	841
929	845
929	860
929	884
929	886
929	896
929	969
929	978
929	984
929	998
930	118
930	180
930	215
930	229
930	290
930	388
930	421
930	495
930	510
930	533
930	631
930	659
930	778
930	812
930	820
930	827
930	848
930	877
930	895
930	904
930	955
930	981
931	141
931	330
931	350
931	381
931	387
931	412
931	504
931	517
931	519
931	604
931	607
931	762
931	791
931	846
931	879
931	913
931	914
931	934
931	938
931	939
931	945
931	965
932	137
932	150
932	198
932	283
932	404
932	486
932	509
932	584
932	731
932	755
932	797
932	816
932	884
932	899
932	920
932	947
932	957
932	966
932	967
932	977
932	999
932	1000
933	154
933	339
933	353
933	479
933	566
933	593
933	658
933	740
933	743
933	799
933	801
933	838
933	853
933	908
933	924
933	935
933	952
933	967
933	976
933	991
933	992
933	996
934	61
934	218
934	381
934	387
934	391
934	392
934	504
934	549
934	604
934	607
934	762
934	816
934	839
934	846
934	879
934	931
934	937
934	939
934	940
934	945
934	965
934	980
935	327
935	339
935	396
935	500
935	544
935	622
935	690
935	740
935	743
935	768
935	799
935	801
935	803
935	829
935	838
935	848
935	853
935	933
935	952
935	953
935	967
935	976
936	74
936	142
936	155
936	456
936	501
936	527
936	599
936	689
936	765
936	777
936	828
936	872
936	881
936	910
936	916
936	940
936	944
936	955
936	959
936	988
936	997
936	998
937	23
937	40
937	193
937	230
937	359
937	362
937	373
937	551
937	570
937	695
937	725
937	798
937	813
937	840
937	857
937	874
937	897
937	928
937	934
937	941
937	971
937	996
938	70
938	112
938	204
938	217
938	241
938	272
938	287
938	554
938	577
938	690
938	701
938	702
938	722
938	774
938	793
938	853
938	892
938	900
938	901
938	906
938	931
938	969
939	37
939	330
939	387
939	391
939	406
939	412
939	442
939	504
939	549
939	604
939	607
939	718
939	762
939	846
939	879
939	885
939	892
939	906
939	911
939	931
939	934
939	945
939	965
940	155
940	177
940	302
940	351
940	389
940	501
940	513
940	555
940	599
940	609
940	689
940	821
940	828
940	872
940	881
940	916
940	934
940	936
940	944
940	947
940	955
940	959
940	997
941	23
941	40
941	193
941	230
941	359
941	369
941	373
941	427
941	456
941	481
941	551
941	570
941	695
941	725
941	840
941	859
941	874
941	897
941	908
941	928
941	937
941	994
941	997
942	80
942	92
942	310
942	316
942	319
942	346
942	382
942	523
942	556
942	593
942	672
942	713
942	720
942	780
942	784
942	836
942	837
942	845
942	861
942	903
942	981
942	985
942	987
943	102
943	334
943	467
943	520
943	522
943	534
943	617
943	685
943	735
943	756
943	764
943	770
943	818
943	862
943	866
943	888
943	895
943	902
943	903
943	921
943	973
943	986
943	993
944	155
944	177
944	257
944	274
944	280
944	316
944	389
944	431
944	456
944	493
944	501
944	689
944	828
944	872
944	881
944	910
944	916
944	936
944	940
944	955
944	959
944	995
944	997
945	37
945	61
945	330
945	350
945	367
945	381
945	391
945	395
945	412
945	504
945	543
945	549
945	563
945	762
945	846
945	879
945	883
945	931
945	934
945	939
945	960
945	965
945	998
946	50
946	64
946	282
946	284
946	568
946	591
946	640
946	698
946	709
946	721
946	745
946	775
946	793
946	803
946	824
946	846
946	857
946	858
946	923
946	960
946	962
946	974
946	975
947	1
947	23
947	486
947	509
947	584
947	603
947	641
947	649
947	731
947	755
947	758
947	765
947	797
947	816
947	884
947	902
947	918
947	932
947	940
947	957
947	985
947	999
947	1000
948	60
948	231
948	299
948	470
948	564
948	589
948	594
948	605
948	644
948	648
948	668
948	698
948	770
948	814
948	878
948	954
948	956
948	957
948	975
948	977
948	988
948	991
948	995
949	15
949	47
949	126
949	186
949	209
949	248
949	461
949	595
949	604
949	619
949	625
949	771
949	795
949	831
949	848
949	850
949	893
949	908
949	920
949	958
949	961
949	971
949	994
950	36
950	212
950	218
950	378
950	428
950	440
950	460
950	478
950	561
950	571
950	627
950	641
950	680
950	694
950	717
950	798
950	822
950	827
950	835
950	894
950	912
950	913
950	969
950	990
951	4
951	86
951	122
951	157
951	203
951	294
951	421
951	511
951	546
951	592
951	600
951	609
951	645
951	682
951	739
951	763
951	770
951	809
951	830
951	847
951	882
951	925
951	963
951	982
952	63
952	74
952	158
952	327
952	479
952	490
952	545
952	592
952	622
952	740
952	743
952	787
952	799
952	828
952	838
952	853
952	883
952	924
952	933
952	935
952	967
952	976
952	986
952	988
953	62
953	202
953	321
953	396
953	532
953	540
953	617
953	628
953	633
953	639
953	687
953	711
953	768
953	782
953	826
953	851
953	895
953	920
953	935
953	970
953	975
953	978
953	982
953	985
954	176
954	182
954	214
954	231
954	249
954	264
954	401
954	474
954	487
954	530
954	589
954	605
954	644
954	668
954	878
954	882
954	948
954	956
954	965
954	968
954	977
954	988
954	991
954	995
955	14
955	152
955	155
955	177
955	257
955	272
955	342
955	351
955	421
955	456
955	635
955	675
955	689
955	828
955	846
955	881
955	910
955	916
955	930
955	936
955	940
955	944
955	959
955	997
956	60
956	196
956	249
956	264
956	309
956	401
956	424
956	470
956	483
956	487
956	564
956	619
956	644
956	668
956	715
956	856
956	878
956	948
956	954
956	977
956	988
956	990
956	991
956	995
957	113
957	181
957	198
957	349
957	404
957	420
957	453
957	486
957	522
957	602
957	648
957	688
957	700
957	755
957	758
957	797
957	799
957	816
957	932
957	947
957	948
957	966
957	999
957	1000
958	15
958	51
958	126
958	375
958	423
958	430
958	461
958	529
958	601
958	669
958	714
958	771
958	795
958	831
958	841
958	848
958	850
958	890
958	908
958	949
958	961
958	966
958	971
958	985
959	257
959	351
959	377
959	425
959	452
959	464
959	501
959	527
959	599
959	613
959	689
959	752
959	807
959	828
959	872
959	881
959	907
959	910
959	916
959	936
959	940
959	944
959	955
959	992
959	997
960	128
960	219
960	356
960	439
960	451
960	466
960	520
960	529
960	608
960	697
960	698
960	705
960	709
960	710
960	723
960	737
960	867
960	886
960	945
960	946
960	972
960	980
960	992
960	996
960	998
961	15
961	51
961	79
961	160
961	339
961	375
961	397
961	432
961	461
961	537
961	619
961	625
961	669
961	717
961	771
961	817
961	831
961	848
961	893
961	908
961	918
961	949
961	958
961	971
961	979
962	10
962	92
962	199
962	272
962	282
962	331
962	374
962	446
962	494
962	568
962	578
962	591
962	634
962	640
962	721
962	745
962	793
962	819
962	824
962	845
962	858
962	946
962	974
962	975
962	987
963	9
963	82
963	259
963	311
963	377
963	598
963	651
963	678
963	720
963	754
963	759
963	760
963	775
963	777
963	815
963	829
963	839
963	842
963	852
963	903
963	909
963	951
963	969
963	979
963	990
964	11
964	85
964	95
964	153
964	269
964	320
964	340
964	388
964	392
964	476
964	477
964	481
964	728
964	805
964	820
964	832
964	834
964	843
964	863
964	872
964	893
964	905
964	907
964	926
964	989
964	994
965	37
965	61
965	189
965	330
965	350
965	381
965	387
965	391
965	412
965	504
965	549
965	604
965	607
965	758
965	762
965	777
965	805
965	846
965	879
965	891
965	895
965	931
965	934
965	939
965	945
965	954
966	1
966	64
966	198
966	283
966	404
966	486
966	584
966	671
966	685
966	688
966	699
966	700
966	731
966	734
966	755
966	758
966	765
966	794
966	797
966	816
966	932
966	957
966	958
966	997
966	999
966	1000
967	88
967	90
967	136
967	339
967	490
967	493
967	547
967	563
967	622
967	658
967	711
967	740
967	743
967	747
967	799
967	801
967	838
967	847
967	853
967	856
967	924
967	932
967	933
967	935
967	952
967	976
968	21
968	39
968	251
968	253
968	276
968	307
968	328
968	417
968	451
968	452
968	494
968	631
968	716
968	760
968	778
968	786
968	792
968	819
968	847
968	849
968	868
968	890
968	898
968	899
968	954
968	983
969	129
969	218
969	371
969	378
969	428
969	433
969	440
969	460
969	478
969	516
969	571
969	627
969	641
969	680
969	694
969	714
969	717
969	822
969	835
969	894
969	913
969	923
969	929
969	938
969	950
969	963
970	15
970	26
970	202
970	301
970	303
970	532
970	540
970	617
970	628
970	633
970	639
970	687
970	696
970	711
970	768
970	782
970	795
970	810
970	826
970	838
970	895
970	920
970	953
970	978
970	982
970	999
971	126
971	160
971	397
971	432
971	444
971	461
971	537
971	619
971	625
971	669
971	771
971	795
971	831
971	848
971	850
971	854
971	870
971	893
971	908
971	910
971	913
971	937
971	949
971	958
971	961
971	977
971	991
972	184
972	219
972	237
972	356
972	395
972	439
972	520
972	529
972	606
972	608
972	627
972	673
972	697
972	698
972	705
972	710
972	723
972	774
972	800
972	867
972	879
972	886
972	960
972	980
972	992
972	996
972	998
973	7
973	88
973	102
973	124
973	214
973	232
973	364
973	400
973	443
973	496
973	522
973	571
973	656
973	735
973	756
973	776
973	858
973	876
973	888
973	902
973	903
973	919
973	921
973	922
973	943
973	986
973	993
974	10
974	22
974	73
974	92
974	199
974	250
974	282
974	446
974	533
974	568
974	578
974	591
974	640
974	709
974	721
974	736
974	745
974	771
974	793
974	824
974	835
974	858
974	923
974	946
974	962
974	975
974	985
975	10
975	50
975	92
975	199
975	282
975	446
975	566
975	568
975	578
975	591
975	640
975	709
975	721
975	745
975	759
975	793
975	797
975	824
975	837
975	887
975	918
975	923
975	946
975	948
975	953
975	962
975	974
976	33
976	63
976	136
976	158
976	261
976	315
976	326
976	339
976	396
976	468
976	479
976	533
976	566
976	622
976	658
976	725
976	740
976	799
976	801
976	838
976	852
976	853
976	924
976	933
976	935
976	952
976	967
977	13
977	50
977	60
977	78
977	231
977	254
977	264
977	299
977	401
977	424
977	487
977	517
977	589
977	605
977	668
977	697
977	790
977	878
977	928
977	932
977	948
977	954
977	956
977	971
977	988
977	991
977	995
978	84
978	202
978	301
978	344
978	504
978	532
978	540
978	617
978	628
978	633
978	639
978	659
978	687
978	711
978	721
978	768
978	782
978	802
978	824
978	826
978	895
978	920
978	929
978	953
978	970
978	982
978	984
979	82
979	311
979	377
979	518
979	591
979	598
979	651
979	678
979	691
979	694
979	720
979	754
979	759
979	768
979	775
979	777
979	784
979	815
979	839
979	842
979	852
979	868
979	909
979	961
979	963
979	988
979	990
980	128
980	139
980	149
980	184
980	219
980	237
980	388
980	520
980	529
980	608
980	621
980	697
980	698
980	705
980	710
980	723
980	746
980	843
980	867
980	886
980	904
980	916
980	934
980	960
980	972
980	992
980	996
981	16
981	25
981	73
981	104
981	180
981	194
981	229
981	324
981	388
981	418
981	433
981	484
981	525
981	537
981	659
981	702
981	808
981	820
981	821
981	827
981	842
981	864
981	877
981	904
981	928
981	930
981	942
982	202
982	242
982	256
982	301
982	344
982	540
982	579
982	617
982	628
982	633
982	639
982	687
982	700
982	711
982	768
982	772
982	782
982	826
982	836
982	895
982	896
982	920
982	951
982	953
982	970
982	978
982	999
983	21
983	30
983	34
983	39
983	117
983	139
983	236
983	251
983	253
983	370
983	378
983	393
983	396
983	451
983	452
983	494
983	630
983	736
983	757
983	760
983	778
983	786
983	797
983	849
983	890
983	899
983	924
983	968
984	11
984	67
984	176
984	215
984	224
984	227
984	366
984	423
984	467
984	482
984	489
984	493
984	499
984	521
984	530
984	583
984	645
984	703
984	706
984	752
984	839
984	841
984	860
984	884
984	896
984	929
984	978
984	998
985	30
985	49
985	56
985	287
985	309
985	316
985	346
985	472
985	523
985	556
985	573
985	593
985	662
985	672
985	713
985	741
985	769
985	784
985	836
985	837
985	845
985	861
985	942
985	947
985	953
985	958
985	974
985	987
986	79
986	124
986	232
986	239
986	316
986	334
986	335
986	384
986	413
986	443
986	527
986	685
986	735
986	776
986	786
986	816
986	818
986	862
986	888
986	902
986	903
986	917
986	919
986	921
986	943
986	952
986	973
986	993
987	30
987	49
987	76
987	207
987	346
987	366
987	394
987	472
987	523
987	556
987	593
987	645
987	662
987	672
987	713
987	769
987	780
987	784
987	818
987	836
987	837
987	845
987	859
987	861
987	942
987	962
987	985
987	995
988	13
988	62
988	249
988	254
988	268
988	293
988	299
988	424
988	470
988	552
988	564
988	589
988	605
988	644
988	668
988	719
988	878
988	926
988	936
988	948
988	952
988	954
988	956
988	977
988	979
988	991
988	995
988	998
989	2
989	5
989	148
989	206
989	269
989	278
989	302
989	320
989	324
989	340
989	384
989	392
989	450
989	476
989	477
989	495
989	507
989	608
989	728
989	832
989	834
989	843
989	863
989	905
989	907
989	926
989	964
989	994
990	26
990	75
990	82
990	99
990	160
990	311
990	377
990	381
990	598
990	651
990	678
990	720
990	754
990	759
990	775
990	777
990	815
990	839
990	842
990	852
990	868
990	891
990	909
990	923
990	950
990	956
990	963
990	979
991	13
991	60
991	220
991	249
991	254
991	401
991	424
991	448
991	470
991	487
991	539
991	564
991	568
991	589
991	605
991	644
991	668
991	671
991	708
991	875
991	878
991	933
991	948
991	954
991	956
991	971
991	977
991	988
991	995
992	139
992	184
992	219
992	237
992	285
992	356
992	359
992	379
992	439
992	520
992	529
992	598
992	608
992	697
992	698
992	705
992	710
992	723
992	867
992	868
992	886
992	896
992	899
992	933
992	959
992	960
992	972
992	980
992	996
993	4
993	102
993	133
993	214
993	242
993	284
993	318
993	390
993	400
993	413
993	443
993	534
993	571
993	584
993	685
993	713
993	735
993	776
993	778
993	780
993	818
993	862
993	888
993	902
993	903
993	919
993	943
993	973
993	986
994	2
994	85
994	148
994	153
994	203
994	269
994	302
994	320
994	340
994	392
994	430
994	476
994	477
994	550
994	639
994	684
994	728
994	795
994	832
994	834
994	843
994	863
994	894
994	905
994	907
994	926
994	941
994	949
994	964
994	989
995	2
995	13
995	41
995	62
995	223
995	231
995	249
995	254
995	264
995	299
995	470
995	487
995	564
995	573
995	589
995	605
995	644
995	668
995	715
995	878
995	891
995	944
995	948
995	954
995	956
995	977
995	987
995	988
995	991
995	997
996	42
996	128
996	139
996	149
996	184
996	219
996	237
996	274
996	356
996	439
996	520
996	529
996	608
996	659
996	667
996	697
996	698
996	705
996	710
996	723
996	733
996	867
996	886
996	890
996	933
996	937
996	960
996	972
996	980
996	992
997	155
997	177
997	257
997	292
997	342
997	351
997	365
997	425
997	456
997	496
997	501
997	527
997	599
997	689
997	789
997	812
997	817
997	828
997	872
997	881
997	910
997	916
997	936
997	940
997	941
997	944
997	955
997	959
997	966
997	995
998	81
998	224
998	227
998	229
998	366
998	423
998	467
998	482
998	499
998	530
998	564
998	570
998	583
998	593
998	645
998	703
998	706
998	752
998	825
998	841
998	860
998	884
998	896
998	929
998	936
998	945
998	960
998	972
998	984
998	988
999	1
999	113
999	150
999	198
999	333
999	404
999	420
999	565
999	584
999	603
999	648
999	649
999	688
999	700
999	731
999	755
999	758
999	762
999	765
999	793
999	797
999	836
999	844
999	922
999	932
999	947
999	957
999	966
999	970
999	982
1000	1
1000	45
1000	64
1000	67
1000	192
1000	283
1000	288
1000	404
1000	420
1000	486
1000	509
1000	512
1000	584
1000	603
1000	630
1000	648
1000	649
1000	681
1000	688
1000	700
1000	731
1000	758
1000	765
1000	816
1000	873
1000	887
1000	932
1000	947
1000	957
1000	966
