1	240
1	475
1	544
1	558
1	631
2	471
2	627
2	763
2	775
2	822
3	53
3	750
3	834
3	847
3	855
4	39
4	60
4	173
4	372
4	457
5	437
5	460
5	470
5	542
5	1000
6	489
6	638
6	704
6	709
6	754
7	165
7	292
7	461
7	532
7	651
8	632
8	817
8	879
8	889
8	894
9	27
9	224
9	235
9	297
9	478
10	322
10	595
10	677
10	773
10	986
11	62
11	112
11	137
11	525
11	624
12	453
12	685
12	946
12	998
12	1000
13	84
13	581
13	598
13	607
13	646
14	18
14	199
14	448
14	520
14	533
15	565
15	635
15	828
15	869
15	885
16	344
16	484
16	613
16	770
16	861
17	34
17	206
17	597
17	656
17	705
18	14
18	178
18	199
18	448
18	533
19	308
19	490
19	659
19	669
19	711
20	554
20	694
20	703
20	832
20	913
21	404
21	468
21	707
21	708
21	909
22	647
22	682
22	692
22	741
22	748
23	904
23	916
23	959
23	967
23	976
24	927
24	929
24	954
24	979
24	986
25	44
25	526
25	546
25	560
25	981
26	262
26	292
26	534
26	543
26	651
27	9
27	140
27	297
27	478
27	737
28	569
28	856
28	889
28	894
28	896
29	64
29	518
29	567
29	707
29	708
30	232
30	830
30	841
30	859
30	876
31	833
31	910
31	939
31	940
31	941
32	88
32	262
32	462
32	519
32	620
33	953
33	972
33	981
33	995
33	996
34	17
34	405
34	597
34	656
34	705
35	569
35	778
35	803
35	843
35	870
36	120
36	336
36	500
36	566
36	906
37	103
37	252
37	602
37	768
37	875
38	317
38	778
38	803
38	843
38	870
39	4
39	209
39	246
39	372
39	550
40	805
40	909
40	974
40	998
40	1000
41	604
41	653
41	674
41	683
41	737
42	295
42	695
42	834
42	847
42	855
43	757
43	774
43	815
43	820
43	836
44	25
44	283
44	337
44	526
44	560
45	85
45	193
45	281
45	373
45	593
46	975
46	977
46	982
46	983
46	987
47	82
47	345
47	412
47	615
47	883
48	191
48	196
48	499
48	517
48	532
49	117
49	249
49	281
49	373
49	593
50	394
50	736
50	948
50	964
50	970
51	475
51	544
51	558
51	631
51	808
52	942
52	954
52	961
52	979
52	986
53	3
53	181
53	727
53	741
53	748
54	596
54	695
54	743
54	834
54	847
55	368
55	719
55	763
55	775
55	822
56	150
56	201
56	222
56	306
56	377
57	233
57	375
57	488
57	534
57	696
58	554
58	832
58	882
58	899
58	913
59	383
59	659
59	669
59	711
59	991
60	4
60	173
60	246
60	457
60	676
61	926
61	975
61	977
61	982
61	983
62	11
62	236
62	420
62	463
62	624
63	226
63	462
63	620
63	690
63	829
64	29
64	86
64	274
64	518
64	708
65	369
65	413
65	576
65	610
65	619
66	895
66	958
66	973
66	985
66	989
67	730
67	753
67	903
67	915
67	949
68	300
68	691
68	801
68	860
68	861
69	544
69	545
69	555
69	558
69	740
70	451
70	595
70	633
70	706
70	773
71	728
71	809
71	830
71	841
71	859
72	367
72	441
72	523
72	671
72	672
73	852
73	856
73	889
73	894
73	896
74	790
74	800
74	873
74	924
74	963
75	221
75	321
75	499
75	532
75	916
76	778
76	803
76	843
76	863
76	870
77	214
77	253
77	467
77	513
77	527
78	304
78	347
78	443
78	754
78	818
79	930
79	966
79	985
79	989
79	991
80	163
80	313
80	574
80	661
80	739
81	622
81	752
81	755
81	869
81	885
82	47
82	126
82	394
82	412
82	615
83	87
83	108
83	157
83	330
83	725
84	13
84	315
84	340
84	516
84	646
85	45
85	193
85	251
85	286
85	593
86	64
86	92
86	423
86	713
86	950
87	83
87	108
87	136
87	212
87	330
88	32
88	519
88	572
88	620
88	690
89	374
89	545
89	555
89	558
89	631
90	339
90	375
90	488
90	570
90	696
91	414
91	485
91	562
91	578
91	582
92	86
92	260
92	320
92	601
92	713
93	790
93	920
93	924
93	944
93	963
94	668
94	731
94	808
94	862
94	887
95	278
95	585
95	714
95	809
95	876
96	889
96	931
96	977
96	982
96	983
97	167
97	460
97	542
97	617
97	805
98	159
98	655
98	846
98	857
98	906
99	126
99	204
99	345
99	412
99	615
100	147
100	164
100	285
100	324
100	389
101	724
101	750
101	834
101	847
101	855
102	480
102	929
102	942
102	979
102	986
103	37
103	511
103	778
103	843
103	870
104	664
104	732
104	746
104	796
104	821
105	456
105	664
105	723
105	796
105	821
106	233
106	338
106	339
106	375
106	696
107	361
107	441
107	573
107	671
107	672
108	83
108	87
108	212
108	330
108	389
109	243
109	929
109	961
109	979
109	986
110	544
110	545
110	555
110	631
110	678
111	734
111	796
111	797
111	845
111	902
112	11
112	420
112	525
112	549
112	624
113	697
113	817
113	879
113	894
113	896
114	655
114	757
114	774
114	815
114	836
115	250
115	461
115	543
115	651
115	865
116	858
116	912
116	938
116	947
116	968
117	49
117	251
117	281
117	593
117	996
118	219
118	267
118	572
118	620
118	690
119	150
119	201
119	222
119	306
119	377
120	36
120	458
120	500
120	510
120	553
121	438
121	489
121	504
121	754
121	972
122	289
122	526
122	546
122	560
122	973
123	271
123	654
123	684
123	686
123	801
124	619
124	658
124	857
124	906
124	920
125	679
125	718
125	759
125	816
125	960
126	82
126	99
126	394
126	615
126	983
127	639
127	700
127	920
127	924
127	944
128	161
128	313
128	435
128	574
128	661
129	513
129	831
129	854
129	915
129	949
130	296
130	374
130	476
130	486
130	496
131	487
131	676
131	714
131	809
131	859
132	630
132	864
132	918
132	971
132	980
133	933
133	950
133	974
133	998
133	1000
134	520
134	920
134	924
134	944
134	963
135	804
135	839
135	909
135	998
135	1000
136	87
136	157
136	212
136	330
136	694
137	11
137	420
137	463
137	525
137	624
138	466
138	848
138	943
138	951
138	956
139	444
139	712
139	721
139	738
139	954
140	27
140	235
140	297
140	478
140	948
141	975
141	977
141	982
141	983
141	987
142	626
142	842
142	926
142	960
142	971
143	551
143	653
143	674
143	683
143	737
144	345
144	394
144	412
144	572
144	615
145	866
145	918
145	962
145	971
145	980
146	619
146	711
146	835
146	857
146	906
147	100
147	259
147	324
147	389
147	515
148	752
148	757
148	815
148	820
148	836
149	710
149	925
149	952
149	962
149	978
150	56
150	119
150	222
150	306
150	377
151	343
151	791
151	949
151	971
151	980
152	334
152	369
152	515
152	610
152	914
153	437
153	439
153	460
153	470
153	542
154	356
154	926
154	975
154	982
154	987
155	653
155	674
155	683
155	707
155	737
156	414
156	562
156	578
156	582
156	778
157	83
157	136
157	212
157	330
157	469
158	886
158	898
158	960
158	962
158	980
159	98
159	760
159	857
159	906
159	930
160	613
160	780
160	799
160	801
160	861
161	128
161	251
161	435
161	574
161	661
162	614
162	802
162	803
162	829
162	875
163	80
163	200
163	435
163	574
163	661
164	100
164	285
164	324
164	389
164	897
165	7
165	534
165	543
165	651
165	994
166	496
166	957
166	966
166	973
166	989
167	97
167	439
167	460
167	470
167	912
168	781
168	806
168	883
168	903
168	949
169	774
169	935
169	946
169	974
169	998
170	670
170	734
170	863
170	899
170	913
171	888
171	937
171	943
171	956
171	977
172	414
172	562
172	564
172	578
172	582
173	4
173	60
173	209
173	246
173	457
174	723
174	732
174	746
174	796
174	821
175	431
175	561
175	612
175	751
175	816
176	399
176	658
176	833
176	835
176	906
177	866
177	918
177	960
177	971
177	980
178	18
178	199
178	229
178	448
178	533
179	185
179	387
179	803
179	843
179	870
180	929
180	954
180	972
180	979
180	986
181	53
181	399
181	682
181	727
181	748
182	199
182	229
182	448
182	533
182	858
183	697
183	873
183	924
183	944
183	963
184	622
184	667
184	755
184	869
184	885
185	179
185	569
185	778
185	843
185	870
186	591
186	687
186	712
186	721
186	738
187	372
187	988
187	990
187	992
187	999
188	710
188	871
188	925
188	952
188	978
189	195
189	479
189	597
189	603
189	705
190	681
190	797
190	845
190	880
190	902
191	48
191	321
191	499
191	532
191	686
192	858
192	912
192	938
192	947
192	968
193	45
193	85
193	373
193	593
193	997
194	260
194	445
194	485
194	601
194	713
195	189
195	479
195	603
195	656
195	705
196	48
196	321
196	499
196	532
196	544
197	607
197	863
197	882
197	899
197	913
198	245
198	270
198	276
198	358
198	419
199	14
199	18
199	178
199	182
199	533
200	163
200	237
200	574
200	661
200	981
201	56
201	119
201	222
201	306
201	994
202	679
202	904
202	959
202	967
202	976
203	615
203	616
203	617
203	746
203	821
204	99
204	699
204	770
204	799
204	861
205	691
205	770
205	799
205	801
205	861
206	17
206	508
206	603
206	656
206	705
207	904
207	905
207	959
207	967
207	976
208	495
208	659
208	660
208	711
208	895
209	39
209	173
209	246
209	372
209	457
210	225
210	360
210	677
210	706
210	773
211	223
211	495
211	659
211	711
211	934
212	87
212	108
212	136
212	157
212	330
213	866
213	911
213	928
213	939
213	940
214	77
214	253
214	318
214	467
214	527
215	323
215	467
215	513
215	527
215	944
216	277
216	413
216	576
216	610
216	863
217	444
217	904
217	959
217	967
217	976
218	430
218	486
218	496
218	649
218	921
219	118
219	267
219	572
219	690
219	969
220	361
220	403
220	573
220	671
220	672
221	75
221	321
221	419
221	499
221	532
222	56
222	119
222	150
222	201
222	306
223	211
223	308
223	465
223	669
223	875
224	9
224	235
224	297
224	478
224	768
225	210
225	322
225	706
225	773
225	953
226	63
226	462
226	519
226	690
226	996
227	465
227	495
227	659
227	669
227	711
228	975
228	977
228	982
228	983
228	987
229	178
229	182
229	448
229	495
229	533
230	760
230	888
230	897
230	943
230	951
231	788
231	831
231	903
231	915
231	949
232	30
232	244
232	676
232	809
232	841
233	57
233	106
233	488
233	570
233	696
234	988
234	990
234	994
234	997
234	999
235	9
235	140
235	224
235	297
235	478
236	62
236	420
236	463
236	525
236	624
237	200
237	313
237	435
237	574
237	661
238	245
238	270
238	276
238	358
238	748
239	415
239	621
239	742
239	769
239	841
240	1
240	809
240	830
240	841
240	859
240	876
241	556
241	757
241	774
241	815
241	820
241	836
242	265
242	273
242	654
242	684
242	686
242	726
243	109
243	379
243	387
243	778
243	843
243	870
244	232
244	608
244	647
244	682
244	727
244	741
245	198
245	238
245	270
245	332
245	358
245	419
246	39
246	60
246	173
246	209
246	372
246	457
247	450
247	600
247	832
247	882
247	899
247	913
248	320
248	423
248	445
248	571
248	601
248	713
249	49
249	765
249	808
249	862
249	865
249	887
250	115
250	259
250	292
250	461
250	534
250	651
251	85
251	117
251	161
251	281
251	373
251	593
252	37
252	614
252	733
252	823
252	829
252	875
253	77
253	214
253	318
253	323
253	513
253	964
254	381
254	531
254	774
254	815
254	820
254	836
255	482
255	761
255	871
255	925
255	952
255	978
256	314
256	537
256	621
256	633
256	742
256	769
257	563
257	719
257	749
257	763
257	775
257	822
258	304
258	638
258	704
258	709
258	754
258	773
259	147
259	250
259	285
259	324
259	389
259	861
260	92
260	194
260	423
260	601
260	713
260	938
261	415
261	621
261	633
261	742
261	769
261	887
262	26
262	32
262	292
262	534
262	543
262	651
263	268
263	476
263	486
263	496
263	579
263	649
264	278
264	485
264	564
264	578
264	582
264	927
265	242
265	382
265	433
265	654
265	684
265	686
266	282
266	378
266	797
266	845
266	880
266	902
267	118
267	219
267	519
267	572
267	620
267	690
268	263
268	430
268	476
268	579
268	649
268	893
269	284
269	458
269	510
269	553
269	566
269	657
270	198
270	238
270	245
270	276
270	332
270	358
271	123
271	382
271	433
271	654
271	684
271	686
272	716
272	850
272	937
272	943
272	956
272	995
273	242
273	397
273	654
273	684
273	686
273	830
274	64
274	307
274	404
274	518
274	707
274	708
275	431
275	718
275	734
275	747
275	751
275	759
276	198
276	238
276	270
276	332
276	419
276	993
277	216
277	334
277	369
277	515
277	576
277	905
278	95
278	264
278	414
278	485
278	564
278	582
279	365
279	384
279	541
279	789
279	797
279	902
280	481
280	926
280	931
280	932
280	982
280	987
281	45
281	49
281	117
281	251
281	373
281	593
282	266
282	392
282	657
282	734
282	880
282	902
283	44
283	286
283	526
283	546
283	560
283	919
284	269
284	336
284	500
284	510
284	566
284	775
285	100
285	164
285	259
285	324
285	389
285	850
286	85
286	283
286	289
286	526
286	546
286	560
287	305
287	451
287	595
287	677
287	773
287	831
288	844
288	914
288	923
288	938
288	968
288	994
289	122
289	286
289	546
289	560
289	701
289	918
290	735
290	886
290	898
290	962
290	971
290	980
291	401
291	591
291	712
291	721
291	738
291	957
292	7
292	26
292	250
292	262
292	461
292	956
293	463
293	916
293	921
293	959
293	967
293	976
294	459
294	612
294	679
294	718
294	747
294	751
295	42
295	695
295	750
295	834
295	847
295	855
296	130
296	486
296	496
296	579
296	649
296	751
297	9
297	27
297	140
297	224
297	235
297	478
298	551
298	604
298	653
298	683
298	737
298	848
299	307
299	468
299	518
299	684
299	707
299	708
300	68
300	693
300	699
300	770
300	801
300	861
301	832
301	922
301	965
301	985
301	989
301	991
302	838
302	942
302	954
302	961
302	979
302	986
303	745
303	975
303	977
303	982
303	983
303	987
304	78
304	258
304	443
304	638
304	709
304	754
305	287
305	322
305	595
305	706
305	773
305	985
306	56
306	119
306	150
306	201
306	222
306	377
307	274
307	299
307	468
307	518
307	707
307	708
308	19
308	223
308	383
308	495
308	659
308	669
309	421
309	710
309	779
309	786
309	925
309	978
310	502
310	641
310	900
310	925
310	952
310	978
311	362
311	635
311	755
311	828
311	869
311	885
312	905
312	921
312	944
312	959
312	967
312	976
313	80
313	128
313	237
313	435
313	574
313	661
314	256
314	317
314	415
314	537
314	742
314	769
315	84
315	516
315	581
315	598
315	646
315	864
316	338
316	375
316	488
316	570
316	696
316	862
317	38
317	314
317	621
317	633
317	742
317	769
318	214
318	253
318	323
318	467
318	513
318	527
319	434
319	639
319	717
319	920
319	944
319	963
320	92
320	248
320	423
320	445
320	601
320	713
321	75
321	191
321	196
321	221
321	499
321	532
322	10
322	225
322	305
322	677
322	706
322	773
323	215
323	253
323	318
323	513
323	527
323	637
324	100
324	147
324	164
324	259
324	285
324	389
325	415
325	537
325	538
325	633
325	742
325	769
326	694
326	827
326	882
326	899
326	913
326	924
327	905
327	916
327	921
327	959
327	967
327	976
328	377
328	761
328	787
328	900
328	925
328	978
329	567
329	733
329	767
329	823
329	829
329	875
330	83
330	87
330	108
330	136
330	157
330	212
331	441
331	523
331	573
331	671
331	672
331	954
332	245
332	270
332	276
332	358
332	419
332	968
333	696
333	932
333	975
333	977
333	983
333	987
334	152
334	277
334	413
334	515
334	576
334	610
335	919
335	984
335	988
335	992
335	994
335	997
336	36
336	284
336	458
336	553
336	555
336	566
337	44
337	984
337	990
337	993
337	997
337	999
338	106
338	316
338	339
338	488
338	570
338	696
339	90
339	106
339	338
339	488
339	570
339	696
340	84
340	400
340	516
340	581
340	598
340	646
341	511
341	569
341	803
341	843
341	870
341	901
342	758
342	817
342	852
342	879
342	889
342	896
343	151
343	842
343	898
343	962
343	971
343	980
344	16
344	361
344	441
344	523
344	573
344	671
345	47
345	99
345	144
345	394
345	615
345	664
346	655
346	833
346	835
346	857
346	906
346	985
347	78
347	504
347	704
347	709
347	754
347	907
348	531
348	706
348	774
348	815
348	820
348	836
349	627
349	634
349	719
349	749
349	775
349	822
350	487
350	585
350	767
350	830
350	841
350	876
351	587
351	767
351	802
351	823
351	829
351	875
352	891
352	930
352	957
352	985
352	989
352	991
353	524
353	719
353	749
353	763
353	775
353	822
354	909
354	935
354	946
354	974
354	998
354	1000
355	781
355	806
355	883
355	903
355	915
355	949
356	154
356	897
356	937
356	943
356	951
356	956
357	400
357	516
357	581
357	598
357	646
357	973
358	198
358	238
358	245
358	270
358	332
358	419
359	872
359	910
359	916
359	928
359	940
359	941
360	210
360	630
360	842
360	864
360	971
360	980
361	107
361	220
361	344
361	406
361	573
361	672
362	311
362	438
362	565
362	828
362	869
362	885
363	850
363	897
363	937
363	943
363	951
363	956
364	388
364	410
364	743
364	759
364	847
364	855
365	279
365	392
365	681
365	734
365	789
365	845
366	926
366	931
366	932
366	975
366	983
366	987
367	72
367	814
367	972
367	981
367	995
367	996
368	55
368	563
368	634
368	749
368	822
368	894
369	65
369	152
369	277
369	515
369	576
369	610
370	507
370	781
370	806
370	868
370	915
370	949
371	565
371	635
371	667
371	698
371	828
371	885
372	4
372	39
372	187
372	209
372	246
372	457
373	45
373	49
373	193
373	251
373	281
373	593
374	89
374	130
374	476
374	496
374	579
374	649
375	57
375	90
375	106
375	316
375	570
375	696
376	739
376	762
376	914
376	923
376	947
376	968
377	56
377	119
377	150
377	306
377	328
377	849
378	266
378	428
378	797
378	845
378	880
378	902
379	243
379	778
379	803
379	815
379	843
379	870
380	427
380	520
380	792
380	920
380	924
380	944
380	963
381	254
381	556
381	757
381	774
381	815
381	820
381	836
382	265
382	271
382	397
382	433
382	684
382	686
382	966
383	59
383	308
383	465
383	659
383	669
383	711
383	844
384	279
384	541
384	657
384	789
384	845
384	880
384	902
385	472
385	758
385	852
385	856
385	879
385	894
385	896
386	825
386	858
386	905
386	912
386	914
386	938
386	968
387	179
387	243
387	778
387	803
387	843
387	870
387	925
388	364
388	596
388	743
388	750
388	834
388	847
388	855
389	100
389	108
389	147
389	164
389	259
389	285
389	324
390	571
390	694
390	814
390	827
390	863
390	899
390	913
391	753
391	806
391	868
391	883
391	903
391	926
391	949
392	282
392	365
392	541
392	657
392	681
392	880
392	902
393	874
393	905
393	916
393	921
393	959
393	967
393	976
394	50
394	82
394	126
394	144
394	345
394	412
394	615
395	819
395	893
395	913
395	954
395	961
395	979
395	986
396	596
396	695
396	743
396	750
396	834
396	855
396	982
397	273
397	382
397	433
397	654
397	684
397	686
397	979
398	526
398	867
398	948
398	953
398	972
398	981
398	996
399	176
399	181
399	608
399	692
399	727
399	741
399	748
400	340
400	357
400	516
400	581
400	598
400	646
400	766
401	291
401	591
401	687
401	712
401	721
401	738
401	957
402	804
402	904
402	905
402	921
402	959
402	967
402	976
403	220
403	733
403	768
403	802
403	823
403	829
403	875
404	21
404	274
404	468
404	518
404	707
404	708
404	798
405	34
405	479
405	597
405	603
405	656
405	704
405	705
406	361
406	936
406	964
406	970
406	972
406	981
406	995
407	669
407	806
407	831
407	868
407	883
407	903
407	915
408	616
408	723
408	732
408	746
408	796
408	821
408	880
409	498
409	561
409	568
409	718
409	747
409	759
409	816
410	364
410	695
410	743
410	750
410	834
410	847
410	855
411	585
411	728
411	809
411	830
411	841
411	859
411	876
412	47
412	82
412	99
412	144
412	394
412	615
412	939
413	65
413	216
413	334
413	515
413	576
413	610
413	930
414	91
414	156
414	172
414	278
414	562
414	564
414	582
415	239
415	261
415	314
415	325
415	633
415	742
415	769
416	745
416	912
416	914
416	923
416	938
416	947
416	968
417	454
417	561
417	679
417	747
417	751
417	781
417	816
418	602
418	767
418	768
418	802
418	823
418	829
418	875
419	198
419	221
419	245
419	276
419	332
419	358
419	966
420	62
420	112
420	137
420	236
420	463
420	525
420	624
421	309
421	474
421	524
421	786
421	871
421	900
421	952
422	804
422	811
422	936
422	970
422	981
422	995
422	996
423	86
423	248
423	260
423	320
423	445
423	601
423	713
424	432
424	444
424	591
424	687
424	712
424	721
424	738
425	552
425	722
425	787
425	900
425	925
425	952
425	978
426	662
426	716
426	848
426	853
426	937
426	951
426	956
427	380
427	771
427	788
427	792
427	920
427	924
427	944
428	378
428	541
428	657
428	735
428	789
428	845
428	902
429	494
429	497
429	658
429	760
429	833
429	906
429	909
430	218
430	268
430	476
430	486
430	496
430	579
430	649
431	175
431	275
431	459
431	561
431	568
431	747
431	978
432	424
432	591
432	687
432	712
432	721
432	738
432	950
433	265
433	271
433	382
433	397
433	654
433	684
433	686
434	319
434	764
434	792
434	873
434	920
434	944
434	963
435	128
435	161
435	163
435	237
435	313
435	574
435	661
436	914
436	955
436	965
436	966
436	973
436	985
436	991
437	5
437	153
437	439
437	453
437	460
437	470
437	542
438	121
438	362
438	443
438	504
438	638
438	704
438	709
439	153
439	167
439	437
439	460
439	470
439	542
439	826
440	538
440	676
440	728
440	809
440	830
440	859
440	876
441	72
441	107
441	331
441	344
441	523
441	671
441	672
442	898
442	958
442	965
442	966
442	985
442	989
442	991
443	78
443	304
443	438
443	489
443	704
443	709
443	754
444	139
444	217
444	424
444	687
444	712
444	721
444	738
445	194
445	248
445	320
445	423
445	601
445	713
445	884
446	886
446	898
446	918
446	960
446	962
446	971
446	980
447	735
447	864
447	898
447	918
447	960
447	962
447	971
448	14
448	18
448	178
448	182
448	229
448	533
448	562
449	786
449	932
449	975
449	977
449	982
449	983
449	987
450	247
450	530
450	689
450	863
450	882
450	899
450	913
451	70
451	287
451	595
451	677
451	706
451	745
451	773
452	933
452	934
452	946
452	950
452	974
452	998
452	1000
453	12
453	437
453	934
453	946
453	974
453	998
453	1000
454	417
454	568
454	679
454	718
454	747
454	751
454	816
455	813
455	874
455	905
455	916
455	959
455	967
455	976
456	105
456	874
456	916
456	921
456	959
456	967
456	976
457	4
457	60
457	173
457	209
457	246
457	372
457	731
458	120
458	269
458	336
458	500
458	510
458	553
458	566
459	294
459	431
459	568
459	747
459	751
459	759
459	881
460	5
460	97
460	153
460	167
460	437
460	439
460	542
461	7
461	115
461	250
461	292
461	534
461	543
461	651
462	32
462	63
462	226
462	572
462	620
462	690
462	920
463	62
463	137
463	236
463	293
463	420
463	525
463	624
464	819
464	955
464	957
464	965
464	973
464	985
464	991
465	223
465	227
465	383
465	495
465	659
465	669
465	711
466	138
466	662
466	756
466	937
466	943
466	951
466	956
467	77
467	214
467	215
467	318
467	513
467	527
467	548
468	21
468	299
468	307
468	404
468	707
468	708
468	797
469	157
469	658
469	760
469	833
469	835
469	857
469	906
470	5
470	153
470	167
470	437
470	439
470	542
470	786
471	2
471	627
471	678
471	749
471	763
471	775
471	822
472	385
472	895
472	942
472	954
472	961
472	979
472	986
473	800
473	852
473	856
473	879
473	889
473	894
473	896
474	421
474	779
474	900
474	925
474	936
474	952
474	978
475	1
475	51
475	545
475	555
475	558
475	631
475	823
476	130
476	263
476	268
476	374
476	430
476	579
476	649
477	551
477	604
477	653
477	674
477	683
477	737
477	763
478	9
478	27
478	140
478	224
478	235
478	297
478	911
479	189
479	195
479	405
479	597
479	603
479	656
479	705
480	102
480	501
480	577
480	765
480	808
480	865
480	887
481	280
481	586
481	667
481	752
481	828
481	869
481	885
482	255
482	583
482	789
482	797
482	845
482	880
482	902
483	565
483	667
483	752
483	755
483	828
483	869
483	885
483	980
484	16
484	637
484	693
484	770
484	799
484	801
484	861
484	976
485	91
485	194
485	264
485	278
485	562
485	564
485	578
485	582
486	130
486	218
486	263
486	296
486	430
486	496
486	579
486	649
487	131
487	350
487	538
487	714
487	841
487	859
487	876
487	877
488	57
488	90
488	233
488	316
488	338
488	339
488	570
488	696
489	6
489	121
489	443
489	504
489	638
489	704
489	754
489	756
490	19
490	840
490	908
490	911
490	928
490	939
490	940
490	941
491	807
491	872
491	908
491	910
491	911
491	928
491	940
491	941
492	493
492	781
492	854
492	868
492	883
492	903
492	915
492	949
493	492
493	497
493	655
493	760
493	833
493	835
493	857
493	906
494	429
494	497
494	619
494	658
494	760
494	833
494	835
494	906
495	208
495	211
495	227
495	229
495	308
495	465
495	669
495	711
496	130
496	166
496	218
496	263
496	296
496	374
496	430
496	486
497	429
497	493
497	494
497	655
497	833
497	857
497	891
497	906
498	409
498	838
498	895
498	929
498	942
498	961
498	979
498	986
499	48
499	75
499	191
499	196
499	221
499	321
499	532
499	990
500	36
500	120
500	284
500	458
500	510
500	521
500	553
500	566
501	480
501	506
501	594
501	729
501	732
501	862
501	865
501	887
502	310
502	826
502	871
502	900
502	925
502	952
502	971
502	978
503	903
503	908
503	910
503	911
503	928
503	939
503	940
503	941
504	121
504	347
504	438
504	489
504	638
504	704
504	709
504	754
505	776
505	791
505	851
505	922
505	955
505	965
505	985
505	989
506	501
506	577
506	726
506	729
506	862
506	865
506	887
506	932
507	370
507	722
507	831
507	854
507	903
507	915
507	949
507	951
508	206
508	715
508	756
508	897
508	937
508	943
508	951
508	956
509	893
509	895
509	929
509	942
509	954
509	961
509	979
509	986
510	120
510	269
510	284
510	458
510	500
510	553
510	566
510	716
511	103
511	341
511	569
511	778
511	803
511	811
511	843
511	870
512	648
512	731
512	765
512	808
512	862
512	865
512	887
512	979
513	77
513	129
513	215
513	253
513	318
513	323
513	467
513	527
514	531
514	556
514	757
514	774
514	815
514	820
514	836
514	866
515	147
515	152
515	277
515	334
515	369
515	413
515	576
515	610
516	84
516	315
516	340
516	357
516	400
516	581
516	598
516	646
517	48
517	785
517	837
517	912
517	923
517	938
517	947
517	968
518	29
518	64
518	274
518	299
518	307
518	404
518	707
518	708
519	32
519	88
519	226
519	267
519	572
519	620
519	690
519	963
520	14
520	134
520	380
520	700
520	764
520	771
520	920
520	963
521	500
521	805
521	934
521	935
521	950
521	974
521	998
521	1000
522	738
522	874
522	904
522	916
522	921
522	959
522	967
522	976
523	72
523	331
523	344
523	441
523	573
523	671
523	672
523	962
524	353
524	421
524	536
524	673
524	761
524	826
524	900
524	978
525	11
525	112
525	137
525	236
525	420
525	463
525	624
525	951
526	25
526	44
526	122
526	283
526	286
526	398
526	546
526	560
527	77
527	214
527	215
527	318
527	323
527	467
527	513
527	749
528	602
528	722
528	753
528	854
528	868
528	883
528	915
528	949
529	579
529	838
529	893
529	929
529	942
529	961
529	979
529	986
530	450
530	810
530	933
530	934
530	950
530	974
530	998
530	1000
531	254
531	348
531	514
531	774
531	815
531	820
531	836
531	840
532	7
532	48
532	75
532	191
532	196
532	221
532	321
532	499
533	14
533	18
533	178
533	182
533	199
533	229
533	448
533	597
534	26
534	57
534	165
534	250
534	262
534	461
534	543
534	651
535	617
535	664
535	691
535	723
535	732
535	746
535	796
535	821
536	524
536	641
536	779
536	871
536	925
536	952
536	955
536	978
537	256
537	314
537	325
537	621
537	633
537	742
537	769
537	874
538	325
538	440
538	487
538	728
538	830
538	841
538	859
538	876
539	550
539	608
539	647
539	682
539	692
539	727
539	741
539	999
540	805
540	839
540	888
540	933
540	934
540	950
540	974
540	1000
541	279
541	384
541	392
541	428
541	583
541	734
541	797
541	880
542	5
542	97
542	153
542	437
542	439
542	460
542	470
542	566
543	26
543	115
543	165
543	262
543	461
543	534
543	651
543	891
544	1
544	51
544	69
544	110
544	196
544	545
544	555
544	631
545	69
545	89
545	110
545	475
545	544
545	555
545	558
545	631
546	25
546	122
546	283
546	286
546	289
546	526
546	560
546	803
547	907
547	948
547	964
547	970
547	972
547	981
547	995
547	996
548	467
548	848
548	850
548	853
548	888
548	897
548	951
548	956
549	112
549	922
549	958
549	965
549	966
549	973
549	989
549	991
550	39
550	539
550	608
550	647
550	682
550	692
550	741
550	748
551	143
551	298
551	477
551	604
551	653
551	674
551	683
551	737
552	425
552	761
552	779
552	900
552	925
552	929
552	952
552	978
553	120
553	269
553	336
553	458
553	500
553	510
553	566
553	946
554	20
554	58
554	689
554	720
554	827
554	863
554	882
554	897
555	69
555	89
555	110
555	336
555	475
555	544
555	545
555	558
555	631
556	241
556	381
556	514
556	601
556	757
556	774
556	815
556	820
556	836
557	745
557	825
557	837
557	899
557	914
557	923
557	938
557	947
557	968
558	1
558	51
558	69
558	89
558	475
558	545
558	555
558	631
558	989
559	723
559	800
559	817
559	852
559	856
559	879
559	889
559	894
559	896
560	25
560	44
560	122
560	283
560	286
560	289
560	526
560	546
560	692
561	175
561	409
561	417
561	431
561	611
561	612
561	751
561	759
561	816
562	91
562	156
562	172
562	414
562	448
562	485
562	564
562	578
562	582
563	257
563	368
563	604
563	634
563	719
563	749
563	763
563	775
563	822
564	172
564	264
564	278
564	414
564	485
564	562
564	578
564	582
564	689
565	15
565	362
565	371
565	483
565	586
565	752
565	755
565	869
565	885
566	36
566	269
566	284
566	336
566	458
566	500
566	510
566	542
566	553
567	29
567	329
567	602
567	733
567	767
567	768
567	823
567	829
567	875
568	409
568	431
568	454
568	459
568	718
568	733
568	751
568	759
568	816
569	28
569	35
569	185
569	341
569	511
569	778
569	803
569	843
569	870
570	90
570	233
570	316
570	338
570	339
570	375
570	488
570	638
570	696
571	248
571	390
571	720
571	827
571	832
571	863
571	882
571	899
571	913
572	88
572	118
572	144
572	219
572	267
572	462
572	519
572	620
572	690
573	107
573	220
573	331
573	344
573	361
573	523
573	628
573	671
573	672
574	80
574	128
574	161
574	163
574	200
574	237
574	313
574	435
574	661
575	690
575	867
575	936
575	964
575	970
575	972
575	981
575	995
575	996
576	65
576	216
576	277
576	334
576	369
576	413
576	515
576	610
576	884
577	480
577	506
577	594
577	726
577	729
577	765
577	782
577	865
577	887
578	91
578	156
578	172
578	264
578	485
578	562
578	564
578	769
578	890
579	263
579	268
579	296
579	374
579	430
579	476
579	486
579	529
579	649
580	805
580	909
580	933
580	934
580	935
580	950
580	974
580	998
580	1000
581	13
581	315
581	340
581	357
581	400
581	516
581	598
581	646
581	656
582	91
582	156
582	172
582	264
582	278
582	414
582	485
582	562
582	564
583	482
583	541
583	657
583	681
583	734
583	789
583	876
583	880
583	902
584	608
584	736
584	936
584	953
584	964
584	972
584	981
584	995
584	996
585	95
585	350
585	411
585	714
585	809
585	841
585	859
585	876
585	939
586	481
586	565
586	667
586	744
586	752
586	755
586	828
586	869
586	885
587	351
587	602
587	614
587	768
587	802
587	823
587	829
587	875
587	911
588	773
588	807
588	872
588	908
588	910
588	911
588	928
588	939
588	941
589	860
589	907
589	984
589	988
589	990
589	992
589	993
589	994
589	999
590	900
590	919
590	930
590	955
590	957
590	958
590	973
590	989
590	991
591	186
591	291
591	401
591	424
591	432
591	594
591	687
591	721
591	738
592	840
592	908
592	910
592	911
592	928
592	939
592	940
592	941
592	947
593	45
593	49
593	85
593	117
593	193
593	251
593	281
593	373
593	868
594	501
594	577
594	591
594	729
594	765
594	808
594	862
594	865
594	887
595	10
595	70
595	287
595	305
595	451
595	677
595	706
595	773
595	878
596	54
596	388
596	396
596	700
596	743
596	750
596	834
596	847
596	855
597	17
597	34
597	189
597	405
597	479
597	533
597	603
597	656
597	705
598	13
598	315
598	340
598	357
598	400
598	516
598	581
598	646
598	941
599	810
599	839
599	846
599	935
599	946
599	950
599	974
599	998
599	1000
600	247
600	838
600	893
600	895
600	929
600	954
600	961
600	979
600	986
601	92
601	194
601	248
601	260
601	320
601	423
601	445
601	556
601	713
602	37
602	418
602	528
602	567
602	587
602	733
602	767
602	768
602	802
603	189
603	195
603	206
603	405
603	479
603	597
603	656
603	661
603	705
604	41
604	298
604	477
604	551
604	563
604	653
604	674
604	683
604	737
605	871
605	893
605	895
605	929
605	942
605	954
605	961
605	979
605	986
606	892
606	945
606	984
606	990
606	992
606	993
606	994
606	997
606	999
607	13
607	197
607	689
607	694
607	720
607	827
607	882
607	899
607	913
608	244
608	399
608	539
608	550
608	584
608	692
608	727
608	741
608	748
609	702
609	741
609	791
609	886
609	898
609	960
609	962
609	971
609	980
610	65
610	152
610	216
610	334
610	369
610	413
610	515
610	576
610	721
611	561
611	945
611	969
611	988
611	992
611	993
611	994
611	997
611	999
612	175
612	294
612	561
612	679
612	699
612	718
612	751
612	759
612	816
613	16
613	160
613	637
613	691
613	693
613	699
613	799
613	801
613	861
614	162
614	252
614	587
614	733
614	758
614	767
614	802
614	829
614	875
615	47
615	82
615	99
615	126
615	144
615	203
615	345
615	394
615	412
616	203
616	408
616	617
616	723
616	732
616	746
616	796
616	821
616	993
617	97
617	203
617	535
617	616
617	664
617	732
617	746
617	796
617	821
618	668
618	791
618	864
618	886
618	918
618	960
618	962
618	971
618	980
619	65
619	124
619	146
619	494
619	760
619	833
619	835
619	857
619	906
620	32
620	63
620	88
620	118
620	267
620	462
620	519
620	572
620	690
621	239
621	256
621	261
621	317
621	537
621	633
621	742
621	769
621	809
622	81
622	184
622	630
622	635
622	667
622	752
622	755
622	828
622	869
623	645
623	788
623	790
623	873
623	920
623	924
623	944
623	963
623	971
624	11
624	62
624	112
624	137
624	236
624	420
624	463
624	525
624	937
625	772
625	804
625	820
625	953
625	970
625	972
625	981
625	995
625	996
626	142
626	791
626	842
626	864
626	866
626	898
626	927
626	960
626	962
626	971
627	2
627	349
627	471
627	634
627	719
627	749
627	763
627	775
627	822
627	843
628	573
628	805
628	839
628	909
628	933
628	934
628	935
628	950
628	974
628	1000
629	764
629	839
629	846
629	909
629	933
629	934
629	946
629	950
629	998
629	1000
630	132
630	360
630	622
630	665
630	842
630	866
630	918
630	960
630	971
630	980
631	1
631	51
631	89
631	110
631	475
631	544
631	545
631	555
631	558
631	723
632	8
632	927
632	969
632	988
632	990
632	992
632	993
632	994
632	997
632	999
633	70
633	256
633	261
633	317
633	325
633	415
633	537
633	621
633	742
633	769
634	349
634	368
634	563
634	627
634	719
634	749
634	763
634	775
634	822
634	918
635	15
635	311
635	371
635	622
635	752
635	755
635	828
635	869
635	885
635	989
636	807
636	872
636	908
636	910
636	911
636	928
636	939
636	940
636	941
636	996
637	323
637	484
637	613
637	691
637	693
637	699
637	770
637	799
637	801
637	861
638	6
638	258
638	304
638	438
638	489
638	504
638	570
638	704
638	709
638	754
639	127
639	319
639	764
639	788
639	790
639	792
639	873
639	924
639	963
639	973
640	680
640	715
640	948
640	953
640	964
640	970
640	972
640	981
640	995
640	996
641	310
641	536
641	761
641	779
641	786
641	871
641	925
641	952
641	970
641	978
642	795
642	838
642	893
642	895
642	929
642	942
642	954
642	961
642	979
642	986
643	819
643	838
643	893
643	895
643	942
643	943
643	954
643	961
643	979
643	986
644	901
644	926
644	931
644	932
644	961
644	975
644	977
644	982
644	983
644	987
645	623
645	697
645	700
645	771
645	790
645	792
645	922
645	924
645	944
645	963
646	13
646	84
646	315
646	340
646	357
646	400
646	516
646	581
646	598
646	688
647	22
647	244
647	539
647	550
647	682
647	692
647	727
647	741
647	748
647	870
648	512
648	668
648	726
648	729
648	731
648	755
648	808
648	862
648	865
648	887
649	218
649	263
649	268
649	296
649	374
649	430
649	476
649	486
649	579
649	931
650	835
650	901
650	926
650	931
650	932
650	975
650	977
650	982
650	983
650	987
651	7
651	26
651	115
651	165
651	250
651	262
651	461
651	534
651	543
651	932
652	856
652	907
652	927
652	969
652	984
652	990
652	992
652	993
652	994
652	997
653	41
653	143
653	155
653	298
653	477
653	551
653	604
653	674
653	683
653	737
654	123
654	242
654	265
654	271
654	273
654	397
654	433
654	684
654	686
654	852
655	98
655	114
655	346
655	493
655	497
655	760
655	833
655	835
655	857
655	906
656	17
656	34
656	195
656	206
656	405
656	479
656	581
656	597
656	603
656	705
657	269
657	282
657	384
657	392
657	428
657	583
657	734
657	789
657	845
657	880
658	124
658	176
658	429
658	469
658	494
658	760
658	826
658	835
658	857
658	906
659	19
659	59
659	208
659	211
659	227
659	308
659	383
659	465
659	711
659	945
660	208
660	758
660	800
660	817
660	852
660	856
660	879
660	889
660	894
660	896
661	80
661	128
661	161
661	163
661	200
661	237
661	313
661	435
661	574
661	603
662	426
662	466
662	848
662	853
662	888
662	897
662	937
662	943
662	951
662	956
663	756
663	848
663	850
663	853
663	888
663	897
663	902
663	937
663	951
663	956
664	104
664	105
664	345
664	535
664	617
664	723
664	732
664	746
664	796
664	821
665	630
665	735
665	842
665	866
665	910
665	918
665	960
665	962
665	971
665	980
666	758
666	800
666	817
666	852
666	856
666	879
666	889
666	894
666	896
666	988
667	184
667	371
667	481
667	483
667	586
667	622
667	828
667	869
667	879
667	885
668	94
668	618
668	648
668	726
668	731
668	765
668	808
668	862
668	865
668	887
669	19
669	59
669	223
669	227
669	308
669	383
669	407
669	465
669	495
669	711
670	170
670	694
670	720
670	827
670	832
670	863
670	882
670	899
670	913
670	977
671	72
671	107
671	220
671	331
671	344
671	441
671	523
671	573
671	672
671	830
672	72
672	107
672	220
672	331
672	361
672	441
672	523
672	573
672	671
672	949
673	524
673	779
673	786
673	787
673	826
673	871
673	900
673	952
673	978
673	999
674	41
674	143
674	155
674	477
674	551
674	604
674	653
674	683
674	737
674	995
675	819
675	864
675	893
675	895
675	929
675	942
675	954
675	961
675	979
675	986
676	60
676	131
676	232
676	440
676	714
676	728
676	809
676	830
676	841
676	859
677	10
677	210
677	287
677	322
677	451
677	595
677	706
677	773
677	797
677	914
678	110
678	471
678	840
678	908
678	910
678	911
678	928
678	939
678	940
678	941
679	125
679	202
679	294
679	417
679	454
679	612
679	718
679	747
679	759
679	816
680	640
680	688
680	867
680	886
680	948
680	953
680	964
680	970
680	995
680	996
681	190
681	365
681	392
681	583
681	789
681	797
681	845
681	880
681	902
681	904
682	22
682	181
682	244
682	539
682	550
682	647
682	692
682	727
682	748
682	982
683	41
683	143
683	155
683	298
683	477
683	551
683	604
683	653
683	674
683	693
683	737
684	123
684	242
684	265
684	271
684	273
684	299
684	382
684	397
684	433
684	654
684	686
685	12
685	787
685	805
685	909
685	933
685	935
685	946
685	950
685	974
685	998
685	1000
686	123
686	191
686	242
686	265
686	271
686	273
686	382
686	397
686	433
686	654
686	684
687	186
687	401
687	424
687	432
687	444
687	591
687	712
687	721
687	738
687	772
687	845
688	646
688	680
688	804
688	811
688	936
688	964
688	970
688	972
688	981
688	995
688	996
689	450
689	554
689	564
689	607
689	720
689	827
689	832
689	863
689	882
689	899
689	913
690	63
690	88
690	118
690	219
690	226
690	267
690	462
690	519
690	572
690	575
690	620
691	68
691	205
691	535
691	613
691	637
691	693
691	699
691	770
691	799
691	801
691	861
692	22
692	399
692	539
692	550
692	560
692	608
692	647
692	682
692	727
692	741
692	748
693	300
693	484
693	613
693	637
693	683
693	691
693	699
693	770
693	799
693	801
693	861
694	20
694	136
694	326
694	390
694	607
694	670
694	827
694	832
694	863
694	899
694	913
695	42
695	54
695	295
695	396
695	410
695	743
695	750
695	834
695	847
695	855
695	915
696	57
696	90
696	106
696	233
696	316
696	333
696	338
696	339
696	375
696	488
696	570
697	113
697	183
697	645
697	700
697	771
697	788
697	790
697	873
697	924
697	944
697	963
698	371
698	745
698	762
698	825
698	837
698	858
698	912
698	914
698	923
698	947
698	968
699	204
699	300
699	612
699	613
699	637
699	691
699	693
699	770
699	799
699	801
699	861
700	127
700	520
700	596
700	645
700	697
700	764
700	788
700	873
700	920
700	944
700	963
701	289
701	780
701	813
701	874
701	904
701	905
701	916
701	921
701	959
701	967
701	976
702	609
702	782
702	791
702	842
702	864
702	886
702	918
702	960
702	962
702	967
702	980
703	20
703	810
703	846
703	933
703	934
703	935
703	946
703	950
703	955
703	998
703	1000
704	6
704	258
704	347
704	405
704	438
704	443
704	489
704	504
704	638
704	709
704	754
705	17
705	34
705	189
705	195
705	206
705	405
705	479
705	597
705	603
705	656
705	976
706	70
706	210
706	225
706	305
706	322
706	348
706	451
706	595
706	677
706	773
706	913
707	21
707	29
707	155
707	274
707	299
707	307
707	404
707	468
707	518
707	708
707	987
708	21
708	29
708	64
708	274
708	299
708	307
708	404
708	468
708	518
708	707
708	799
709	6
709	258
709	304
709	347
709	438
709	443
709	504
709	638
709	704
709	754
709	802
710	149
710	188
710	309
710	720
710	779
710	787
710	826
710	900
710	925
710	952
710	978
711	19
711	59
711	146
711	208
711	211
711	227
711	383
711	465
711	495
711	659
711	669
712	139
712	186
712	291
712	401
712	424
712	432
712	444
712	687
712	721
712	738
712	788
713	86
713	92
713	194
713	248
713	260
713	320
713	423
713	445
713	601
713	928
713	977
714	95
714	131
714	487
714	585
714	676
714	728
714	809
714	830
714	841
714	859
714	876
715	508
715	640
715	756
715	848
715	853
715	888
715	897
715	937
715	943
715	951
715	956
716	272
716	426
716	510
716	850
716	853
716	888
716	897
716	904
716	937
716	943
716	951
716	956
717	319
717	744
717	780
717	813
717	874
717	904
717	905
717	916
717	921
717	959
717	967
717	976
718	125
718	275
718	294
718	409
718	454
718	568
718	612
718	679
718	747
718	759
718	794
718	816
719	55
719	257
719	349
719	353
719	563
719	627
719	634
719	749
719	763
719	775
719	822
719	998
720	554
720	571
720	607
720	670
720	689
720	710
720	827
720	832
720	863
720	882
720	899
720	913
721	139
721	186
721	291
721	401
721	424
721	432
721	444
721	591
721	610
721	687
721	712
721	738
722	425
722	507
722	528
722	753
722	831
722	854
722	868
722	883
722	903
722	915
722	949
722	992
723	105
723	174
723	408
723	535
723	559
723	616
723	631
723	664
723	732
723	746
723	796
723	821
724	101
724	739
724	745
724	825
724	837
724	844
724	912
724	914
724	923
724	938
724	947
724	968
725	83
725	811
725	814
725	867
725	948
725	953
725	964
725	970
725	972
725	981
725	995
725	996
726	242
726	506
726	577
726	648
726	668
726	729
726	731
726	765
726	808
726	862
726	865
726	887
727	53
727	181
727	244
727	399
727	539
727	608
727	647
727	682
727	692
727	741
727	748
727	849
728	71
728	411
728	440
728	538
728	676
728	714
728	809
728	830
728	841
728	842
728	859
728	876
729	501
729	506
729	577
729	594
729	648
729	726
729	731
729	765
729	808
729	862
729	865
729	887
730	67
730	772
730	892
730	936
730	948
730	953
730	964
730	970
730	972
730	981
730	995
730	996
731	94
731	457
731	512
731	648
731	668
731	726
731	729
731	765
731	808
731	862
731	865
731	887
732	104
732	174
732	408
732	501
732	535
732	616
732	617
732	664
732	723
732	746
732	796
732	821
733	252
733	329
733	403
733	567
733	568
733	602
733	614
733	767
733	768
733	802
733	823
733	875
734	111
734	170
734	275
734	282
734	365
734	541
734	583
734	657
734	789
734	845
734	880
734	902
735	290
735	428
735	447
735	665
735	864
735	886
735	898
735	917
735	918
735	960
735	962
735	980
736	50
736	584
736	804
736	814
736	867
736	936
736	948
736	964
736	970
736	972
736	995
736	996
737	27
737	41
737	143
737	155
737	298
737	477
737	551
737	604
737	653
737	674
737	683
737	770
738	139
738	186
738	291
738	401
738	424
738	432
738	444
738	522
738	591
738	687
738	712
738	721
739	80
739	376
739	724
739	762
739	837
739	844
739	858
739	912
739	923
739	938
739	947
739	968
740	69
740	817
740	890
740	901
740	926
740	931
740	932
740	975
740	977
740	982
740	983
740	987
741	22
741	53
741	244
741	399
741	539
741	550
741	608
741	609
741	647
741	692
741	727
741	748
742	239
742	256
742	261
742	314
742	317
742	325
742	415
742	537
742	621
742	633
742	769
742	983
743	54
743	364
743	388
743	396
743	410
743	596
743	695
743	750
743	821
743	834
743	847
743	855
744	586
744	717
744	780
744	813
744	874
744	904
744	905
744	916
744	921
744	959
744	967
744	976
745	303
745	416
745	451
745	557
745	698
745	724
745	785
745	825
745	844
745	912
745	923
745	947
745	968
746	104
746	174
746	203
746	408
746	535
746	616
746	617
746	664
746	723
746	732
746	796
746	821
746	873
747	275
747	294
747	409
747	417
747	431
747	454
747	459
747	679
747	718
747	751
747	754
747	759
747	816
748	22
748	53
748	181
748	238
748	399
748	550
748	608
748	647
748	682
748	692
748	727
748	741
748	959
749	257
749	349
749	353
749	368
749	471
749	527
749	563
749	627
749	634
749	719
749	763
749	775
749	822
750	3
750	101
750	295
750	388
750	396
750	410
750	596
750	695
750	743
750	822
750	834
750	847
750	855
751	175
751	275
751	294
751	296
751	417
751	454
751	459
751	561
751	568
751	612
751	747
751	759
751	816
752	81
752	148
752	481
752	483
752	565
752	586
752	622
752	635
752	755
752	812
752	828
752	869
752	885
753	67
753	391
753	528
753	722
753	781
753	806
753	854
753	868
753	883
753	903
753	915
753	949
753	963
754	6
754	78
754	121
754	258
754	304
754	347
754	443
754	489
754	504
754	638
754	704
754	709
754	747
755	81
755	184
755	311
755	483
755	565
755	586
755	622
755	635
755	648
755	752
755	828
755	869
755	885
756	466
756	489
756	508
756	663
756	715
756	848
756	850
756	888
756	897
756	937
756	943
756	951
756	956
757	43
757	114
757	148
757	241
757	381
757	514
757	556
757	774
757	815
757	816
757	820
757	836
757	880
758	342
758	385
758	614
758	660
758	666
758	800
758	817
758	852
758	856
758	879
758	889
758	894
758	896
759	125
759	275
759	364
759	409
759	459
759	561
759	568
759	612
759	679
759	718
759	747
759	751
759	816
760	159
760	230
760	429
760	469
760	493
760	494
760	619
760	655
760	658
760	833
760	835
760	857
760	906
761	255
761	328
761	524
761	552
761	641
761	786
761	787
761	826
761	900
761	925
761	931
761	952
761	978
762	376
762	698
762	739
762	785
762	837
762	855
762	858
762	914
762	923
762	938
762	947
762	968
762	1000
763	2
763	55
763	257
763	353
763	471
763	477
763	563
763	627
763	634
763	719
763	749
763	775
763	822
764	434
764	520
764	629
764	639
764	700
764	771
764	792
764	870
764	873
764	920
764	924
764	944
764	963
765	249
765	480
765	512
765	577
765	594
765	668
765	726
765	729
765	731
765	808
765	862
765	865
765	886
766	400
766	878
766	890
766	898
766	901
766	926
766	931
766	932
766	975
766	977
766	982
766	983
766	987
767	329
767	350
767	351
767	418
767	567
767	602
767	614
767	733
767	768
767	802
767	823
767	829
767	875
768	37
768	224
768	403
768	418
768	567
768	587
768	602
768	733
768	767
768	802
768	823
768	829
768	875
769	239
769	256
769	261
769	314
769	317
769	325
769	415
769	537
769	578
769	621
769	633
769	742
769	978
770	16
770	204
770	205
770	300
770	484
770	637
770	691
770	693
770	699
770	737
770	799
770	801
770	861
771	427
771	520
771	645
771	697
771	764
771	788
771	792
771	873
771	920
771	924
771	944
771	960
771	963
772	625
772	687
772	730
772	885
772	936
772	948
772	953
772	964
772	970
772	972
772	981
772	995
772	996
773	10
773	70
773	210
773	225
773	258
773	287
773	305
773	322
773	451
773	588
773	595
773	677
773	706
774	43
774	114
774	169
774	241
774	254
774	348
774	381
774	514
774	531
774	556
774	757
774	815
774	820
774	836
775	2
775	55
775	257
775	284
775	349
775	353
775	471
775	563
775	627
775	634
775	719
775	749
775	763
775	822
776	505
776	884
776	919
776	922
776	955
776	957
776	958
776	965
776	966
776	973
776	985
776	989
776	991
776	995
777	847
777	907
777	917
777	927
777	945
777	969
777	984
777	988
777	990
777	992
777	993
777	994
777	997
777	999
778	35
778	38
778	76
778	103
778	156
778	185
778	243
778	379
778	387
778	511
778	569
778	803
778	843
778	870
779	309
779	474
779	536
779	552
779	641
779	673
779	710
779	787
779	826
779	857
779	871
779	900
779	952
779	978
780	160
780	701
780	717
780	744
780	813
780	874
780	904
780	905
780	916
780	921
780	959
780	967
780	976
781	168
781	355
781	370
781	417
781	492
781	753
781	806
781	831
781	854
781	868
781	883
781	903
781	915
781	949
782	577
782	702
782	791
782	812
782	842
782	864
782	866
782	886
782	898
782	918
782	960
782	962
782	971
782	980
783	795
783	820
783	878
783	890
783	901
783	908
783	926
783	931
783	932
783	975
783	977
783	982
783	983
783	987
784	884
784	892
784	919
784	922
784	930
784	955
784	957
784	958
784	964
784	965
784	966
784	973
784	985
784	991
785	517
785	745
785	762
785	825
785	837
785	844
785	858
785	912
785	914
785	923
785	938
785	939
785	947
785	968
786	309
786	421
786	449
786	470
786	641
786	673
786	761
786	787
786	826
786	871
786	900
786	925
786	952
786	978
787	328
787	425
787	673
787	685
787	710
787	761
787	779
787	786
787	826
787	871
787	900
787	925
787	952
787	978
788	231
788	427
788	623
788	639
788	697
788	700
788	712
788	771
788	790
788	873
788	920
788	924
788	944
788	963
789	279
789	365
789	384
789	428
789	482
789	583
789	657
789	681
789	734
789	797
789	839
789	845
789	880
789	902
790	74
790	93
790	623
790	639
790	645
790	697
790	788
790	792
790	873
790	906
790	920
790	924
790	944
790	963
791	151
791	505
791	609
791	618
791	626
791	702
791	782
791	886
791	898
791	942
791	960
791	962
791	971
791	980
792	380
792	427
792	434
792	639
792	645
792	764
792	771
792	790
792	848
792	873
792	920
792	924
792	944
792	963
793	807
793	812
793	840
793	872
793	908
793	910
793	911
793	928
793	939
793	940
793	941
793	982
794	718
794	836
794	877
794	917
794	927
794	945
794	969
794	984
794	988
794	990
794	993
794	994
794	997
794	999
795	642
795	783
795	878
795	890
795	901
795	926
795	931
795	932
795	975
795	977
795	982
795	983
795	987
796	104
796	105
796	111
796	174
796	408
796	535
796	616
796	617
796	664
796	723
796	732
796	746
796	821
796	945
797	111
797	190
797	266
797	279
797	378
797	468
797	482
797	541
797	677
797	681
797	789
797	845
797	880
797	902
798	404
798	860
798	907
798	917
798	927
798	945
798	969
798	984
798	990
798	992
798	993
798	994
798	997
798	999
799	160
799	204
799	205
799	484
799	613
799	637
799	691
799	693
799	699
799	708
799	770
799	801
799	861
799	885
800	74
800	473
800	559
800	660
800	666
800	758
800	817
800	852
800	856
800	879
800	889
800	894
800	896
800	947
801	68
801	123
801	160
801	205
801	300
801	484
801	613
801	637
801	691
801	693
801	699
801	770
801	799
801	861
802	162
802	351
802	403
802	418
802	587
802	602
802	614
802	709
802	733
802	767
802	768
802	823
802	829
802	875
803	35
803	38
803	76
803	162
803	179
803	341
803	379
803	387
803	511
803	546
803	569
803	778
803	843
803	870
804	135
804	402
804	422
804	625
804	688
804	736
804	936
804	953
804	964
804	970
804	972
804	981
804	995
804	996
805	40
805	97
805	521
805	540
805	580
805	628
805	685
805	810
805	839
805	909
805	935
805	946
805	974
805	998
805	1000
806	168
806	355
806	370
806	391
806	407
806	753
806	781
806	831
806	854
806	868
806	883
806	903
806	915
806	949
806	991
807	491
807	588
807	636
807	793
807	812
807	840
807	872
807	908
807	910
807	911
807	928
807	939
807	940
807	941
807	961
808	51
808	94
808	249
808	480
808	512
808	594
808	648
808	668
808	726
808	729
808	731
808	765
808	862
808	865
808	887
809	71
809	95
809	131
809	232
809	240
809	411
809	440
809	585
809	621
809	676
809	714
809	728
809	830
809	841
809	876
810	530
810	599
810	703
810	805
810	846
810	902
810	909
810	933
810	934
810	935
810	946
810	950
810	974
810	998
810	1000
811	422
811	511
811	688
811	725
811	867
811	871
811	936
811	948
811	953
811	964
811	970
811	972
811	981
811	995
811	996
812	752
812	782
812	793
812	807
812	840
812	872
812	908
812	910
812	911
812	928
812	939
812	940
812	941
813	455
813	701
813	717
813	744
813	780
813	874
813	904
813	905
813	916
813	921
813	923
813	959
813	967
813	976
814	367
814	390
814	725
814	736
814	862
814	867
814	936
814	948
814	953
814	964
814	970
814	972
814	981
814	995
814	996
815	43
815	114
815	148
815	241
815	254
815	348
815	379
815	381
815	514
815	531
815	556
815	757
815	774
815	820
815	836
816	125
816	175
816	409
816	417
816	454
816	561
816	568
816	612
816	679
816	718
816	747
816	751
816	757
816	759
816	844
817	8
817	113
817	342
817	559
817	660
817	666
817	740
817	758
817	800
817	852
817	856
817	879
817	889
817	894
817	896
818	78
818	860
818	877
818	881
818	907
818	945
818	969
818	984
818	988
818	990
818	992
818	993
818	994
818	997
818	999
819	395
819	464
819	643
819	675
819	838
819	893
819	895
819	929
819	942
819	954
819	961
819	979
819	986
820	43
820	148
820	241
820	254
820	348
820	381
820	514
820	531
820	556
820	625
820	757
820	774
820	783
820	815
820	836
821	104
821	105
821	174
821	203
821	408
821	535
821	616
821	617
821	664
821	723
821	732
821	743
821	746
821	796
821	868
822	2
822	55
822	257
822	349
822	353
822	368
822	471
822	563
822	627
822	634
822	719
822	749
822	750
822	763
822	775
823	252
823	329
823	351
823	403
823	418
823	475
823	567
823	587
823	733
823	767
823	768
823	802
823	829
823	875
823	988
824	891
824	892
824	922
824	923
824	930
824	955
824	957
824	958
824	965
824	966
824	973
824	983
824	985
824	989
824	991
825	386
825	557
825	698
825	724
825	745
825	785
825	844
825	858
825	912
825	914
825	923
825	938
825	940
825	947
825	968
826	439
826	502
826	524
826	658
826	673
826	710
826	761
826	779
826	786
826	787
826	871
826	900
826	925
826	952
826	978
827	326
827	390
827	554
827	571
827	607
827	670
827	689
827	694
827	720
827	832
827	863
827	882
827	899
827	913
827	997
828	15
828	311
828	362
828	371
828	481
828	483
828	586
828	622
828	635
828	667
828	752
828	755
828	869
828	885
828	954
829	63
829	162
829	252
829	329
829	351
829	403
829	418
829	567
829	587
829	614
829	767
829	768
829	802
829	823
829	935
830	30
830	71
830	240
830	273
830	350
830	411
830	440
830	538
830	671
830	676
830	714
830	728
830	809
830	859
830	876
831	129
831	231
831	287
831	407
831	507
831	722
831	781
831	806
831	854
831	868
831	883
831	903
831	915
831	949
831	967
832	20
832	58
832	247
832	301
832	571
832	670
832	689
832	694
832	720
832	827
832	863
832	882
832	899
832	913
832	953
833	31
833	176
833	346
833	429
833	469
833	493
833	494
833	497
833	619
833	655
833	760
833	835
833	854
833	857
833	906
834	3
834	42
834	54
834	101
834	295
834	388
834	396
834	410
834	596
834	695
834	743
834	750
834	847
834	855
834	933
835	146
835	176
835	346
835	469
835	493
835	494
835	619
835	650
835	655
835	658
835	760
835	833
835	850
835	857
835	906
836	43
836	114
836	148
836	241
836	254
836	348
836	381
836	514
836	531
836	556
836	757
836	774
836	794
836	815
836	820
837	517
837	557
837	698
837	724
837	739
837	762
837	785
837	844
837	858
837	912
837	914
837	923
837	938
837	947
837	968
837	976
838	302
838	498
838	529
838	600
838	642
838	643
838	819
838	893
838	895
838	929
838	942
838	954
838	961
838	979
838	986
838	987
839	135
839	540
839	599
839	628
839	629
839	789
839	805
839	846
839	909
839	933
839	934
839	935
839	946
839	974
839	998
839	1000
840	490
840	531
840	592
840	678
840	793
840	807
840	812
840	872
840	908
840	910
840	911
840	912
840	928
840	939
840	940
840	941
841	30
841	71
841	232
841	239
841	240
841	350
841	411
841	487
841	538
841	585
841	676
841	714
841	728
841	809
841	859
841	876
842	142
842	343
842	360
842	626
842	630
842	665
842	702
842	728
842	782
842	864
842	866
842	886
842	960
842	962
842	971
842	980
843	35
843	38
843	76
843	103
843	179
843	185
843	243
843	341
843	379
843	387
843	511
843	569
843	627
843	778
843	803
843	870
844	288
844	383
844	724
844	739
844	745
844	785
844	816
844	825
844	837
844	858
844	912
844	914
844	923
844	938
844	947
844	968
845	111
845	190
845	266
845	365
845	378
845	384
845	428
845	482
845	657
845	681
845	687
845	734
845	789
845	797
845	880
845	902
846	98
846	599
846	629
846	703
846	810
846	839
846	909
846	933
846	934
846	935
846	946
846	950
846	974
846	975
846	998
846	1000
847	3
847	42
847	54
847	101
847	295
847	364
847	388
847	410
847	596
847	695
847	743
847	750
847	777
847	834
847	855
847	956
848	138
848	298
848	426
848	548
848	662
848	663
848	715
848	756
848	792
848	850
848	853
848	888
848	937
848	943
848	951
848	956
849	377
849	727
849	877
849	881
849	907
849	917
849	945
849	969
849	984
849	988
849	990
849	992
849	993
849	994
849	997
849	999
850	272
850	285
850	363
850	548
850	663
850	716
850	756
850	835
850	848
850	853
850	888
850	897
850	937
850	943
850	951
850	956
851	505
851	884
851	892
851	919
851	922
851	930
851	936
851	955
851	957
851	958
851	965
851	966
851	973
851	985
851	989
851	991
852	73
852	342
852	385
852	473
852	559
852	654
852	660
852	666
852	758
852	800
852	817
852	856
852	879
852	889
852	894
852	896
853	426
853	548
853	662
853	663
853	715
853	716
853	848
853	850
853	861
853	888
853	897
853	937
853	943
853	951
853	956
853	984
854	129
854	492
854	507
854	528
854	722
854	753
854	781
854	806
854	831
854	833
854	868
854	883
854	903
854	915
854	949
854	963
855	3
855	42
855	101
855	295
855	364
855	388
855	396
855	410
855	596
855	695
855	743
855	750
855	762
855	834
855	847
855	969
856	28
856	73
856	385
856	473
856	559
856	652
856	660
856	666
856	758
856	800
856	817
856	852
856	879
856	889
856	894
856	896
856	965
857	98
857	124
857	146
857	159
857	346
857	469
857	493
857	497
857	619
857	655
857	658
857	760
857	779
857	833
857	835
857	894
857	906
858	116
858	182
858	192
858	386
858	698
858	739
858	762
858	785
858	825
858	837
858	844
858	912
858	914
858	923
858	938
858	947
858	968
859	30
859	71
859	131
859	240
859	411
859	440
859	487
859	538
859	585
859	676
859	714
859	728
859	830
859	841
859	876
859	881
859	987
860	68
860	589
860	798
860	818
860	877
860	881
860	917
860	927
860	969
860	984
860	988
860	990
860	992
860	993
860	994
860	997
860	999
861	16
861	68
861	160
861	204
861	205
861	259
861	300
861	484
861	613
861	637
861	691
861	693
861	699
861	770
861	799
861	801
861	853
862	94
862	249
862	316
862	501
862	506
862	512
862	594
862	648
862	668
862	726
862	729
862	731
862	765
862	808
862	814
862	865
862	887
863	76
863	170
863	197
863	216
863	390
863	450
863	554
863	571
863	670
863	689
863	694
863	720
863	827
863	832
863	882
863	899
863	913
864	132
864	315
864	360
864	447
864	618
864	626
864	675
864	702
864	735
864	782
864	842
864	866
864	918
864	960
864	962
864	971
864	980
865	115
865	249
865	480
865	501
865	506
865	512
865	577
865	594
865	648
865	668
865	726
865	729
865	731
865	765
865	808
865	862
865	887
866	145
866	177
866	213
866	514
866	626
866	630
866	665
866	782
866	842
866	864
866	886
866	898
866	918
866	960
866	962
866	971
866	980
867	398
867	575
867	680
867	725
867	736
867	811
867	814
867	928
867	936
867	948
867	953
867	964
867	970
867	981
867	988
867	995
867	996
868	370
868	391
868	407
868	492
868	528
868	593
868	722
868	753
868	781
868	806
868	821
868	831
868	854
868	883
868	903
868	915
868	949
869	15
869	81
869	184
869	311
869	362
869	481
869	483
869	565
869	586
869	622
869	635
869	667
869	752
869	755
869	828
869	879
869	885
870	35
870	38
870	76
870	103
870	179
870	185
870	243
870	341
870	379
870	387
870	511
870	569
870	647
870	764
870	778
870	803
870	843
871	188
871	255
871	421
871	502
871	536
871	605
871	641
871	673
871	779
871	786
871	787
871	811
871	826
871	900
871	925
871	952
871	978
872	359
872	491
872	588
872	636
872	793
872	807
872	812
872	840
872	908
872	910
872	911
872	928
872	933
872	939
872	940
872	941
872	998
873	74
873	183
873	434
873	623
873	639
873	697
873	700
873	746
873	764
873	771
873	788
873	790
873	792
873	920
873	924
873	944
873	963
874	393
874	455
874	456
874	522
874	537
874	701
874	717
874	744
874	780
874	813
874	904
874	905
874	916
874	921
874	959
874	967
874	976
875	37
875	162
875	223
875	252
875	329
875	351
875	403
875	418
875	567
875	587
875	614
875	733
875	767
875	768
875	802
875	823
875	965
876	30
876	95
876	240
876	350
876	411
876	440
876	487
876	538
876	583
876	585
876	714
876	728
876	809
876	830
876	841
876	859
876	941
877	487
877	794
877	818
877	849
877	860
877	881
877	917
877	927
877	945
877	969
877	974
877	984
877	988
877	992
877	993
877	994
877	997
877	999
878	595
878	766
878	783
878	795
878	890
878	901
878	926
878	931
878	932
878	975
878	977
878	982
878	983
878	987
878	999
879	8
879	113
879	342
879	385
879	473
879	559
879	660
879	666
879	667
879	758
879	800
879	817
879	852
879	856
879	869
879	889
879	894
879	896
880	190
880	266
880	282
880	378
880	384
880	392
880	408
880	482
880	541
880	583
880	657
880	681
880	734
880	757
880	789
880	797
880	845
880	902
881	459
881	818
881	849
881	859
881	860
881	877
881	907
881	917
881	945
881	969
881	984
881	988
881	990
881	992
881	993
881	994
881	997
881	999
882	58
882	197
882	247
882	326
882	450
882	554
882	571
882	607
882	670
882	689
882	720
882	827
882	832
882	863
882	896
882	899
882	913
882	952
883	47
883	168
883	355
883	391
883	407
883	492
883	528
883	722
883	753
883	781
883	806
883	831
883	854
883	868
883	903
883	915
883	929
883	949
884	445
884	576
884	776
884	784
884	851
884	891
884	892
884	919
884	930
884	955
884	957
884	958
884	965
884	966
884	973
884	985
884	989
884	991
885	15
885	81
885	184
885	311
885	362
885	371
885	481
885	483
885	565
885	586
885	635
885	667
885	752
885	755
885	772
885	799
885	828
885	869
886	158
886	290
886	446
886	609
886	618
886	680
886	702
886	735
886	765
886	782
886	791
886	842
886	866
886	898
886	918
886	960
886	971
886	980
887	94
887	249
887	261
887	480
887	501
887	506
887	512
887	577
887	594
887	648
887	668
887	726
887	729
887	731
887	808
887	862
887	865
887	925
888	171
888	230
888	540
888	548
888	662
888	663
888	715
888	716
888	756
888	848
888	850
888	853
888	897
888	937
888	943
888	948
888	951
888	956
889	8
889	28
889	73
889	96
889	342
889	473
889	559
889	660
889	666
889	758
889	800
889	817
889	852
889	856
889	879
889	894
889	896
889	921
890	578
890	740
890	766
890	783
890	795
890	878
890	901
890	926
890	931
890	932
890	975
890	977
890	982
890	983
890	987
891	352
891	497
891	543
891	824
891	884
891	892
891	919
891	922
891	930
891	955
891	957
891	958
891	965
891	966
891	973
891	985
891	989
891	991
892	606
892	730
892	784
892	824
892	851
892	884
892	891
892	919
892	922
892	930
892	955
892	957
892	958
892	965
892	966
892	973
892	985
892	989
892	991
893	268
893	395
893	509
893	529
893	600
893	605
893	642
893	643
893	675
893	819
893	838
893	895
893	929
893	942
893	943
893	954
893	961
893	979
893	986
894	8
894	28
894	73
894	113
894	368
894	385
894	473
894	559
894	660
894	666
894	758
894	800
894	817
894	852
894	856
894	857
894	879
894	889
894	896
895	66
895	208
895	472
895	498
895	509
895	600
895	605
895	642
895	643
895	675
895	819
895	838
895	893
895	929
895	942
895	954
895	961
895	979
895	986
896	28
896	73
896	113
896	342
896	385
896	473
896	559
896	660
896	666
896	758
896	800
896	817
896	852
896	856
896	879
896	882
896	889
896	894
896	992
897	164
897	230
897	356
897	363
897	508
897	548
897	554
897	662
897	663
897	715
897	716
897	756
897	850
897	853
897	888
897	937
897	943
897	951
897	956
898	158
898	290
898	343
898	442
898	446
898	447
898	609
898	626
898	735
898	766
898	782
898	791
898	866
898	886
898	918
898	960
898	962
898	971
898	980
899	58
899	170
899	197
899	247
899	326
899	390
899	450
899	557
899	571
899	607
899	670
899	689
899	694
899	720
899	827
899	832
899	863
899	882
899	913
900	310
900	328
900	421
900	425
900	474
900	502
900	524
900	552
900	590
900	673
900	710
900	761
900	779
900	786
900	787
900	826
900	871
900	952
900	978
901	341
901	644
901	650
901	740
901	766
901	783
901	795
901	878
901	890
901	926
901	931
901	932
901	975
901	977
901	982
901	983
901	987
902	111
902	190
902	266
902	279
902	282
902	378
902	384
902	392
902	428
902	482
902	583
902	663
902	681
902	734
902	789
902	797
902	810
902	845
902	880
903	67
903	168
903	231
903	355
903	391
903	407
903	492
903	503
903	507
903	722
903	753
903	781
903	806
903	831
903	854
903	868
903	883
903	915
903	917
903	949
904	23
904	202
904	207
904	217
904	402
904	522
904	681
904	701
904	716
904	717
904	744
904	780
904	813
904	874
904	905
904	916
904	921
904	959
904	967
904	976
905	207
905	277
905	312
905	327
905	386
905	393
905	402
905	455
905	701
905	717
905	744
905	780
905	813
905	874
905	904
905	916
905	921
905	959
905	967
905	976
906	36
906	98
906	124
906	146
906	159
906	176
906	346
906	429
906	469
906	493
906	494
906	497
906	619
906	655
906	658
906	760
906	790
906	833
906	835
906	857
907	347
907	547
907	589
907	652
907	777
907	798
907	818
907	849
907	881
907	917
907	927
907	969
907	984
907	988
907	990
907	992
907	993
907	994
907	997
907	999
908	490
908	491
908	503
908	588
908	592
908	636
908	678
908	783
908	793
908	807
908	812
908	840
908	872
908	910
908	911
908	928
908	936
908	939
908	940
908	941
909	21
909	40
909	135
909	354
909	429
909	580
909	628
909	629
909	685
909	805
909	810
909	839
909	846
909	933
909	934
909	935
909	946
909	950
909	974
909	998
909	1000
910	31
910	359
910	491
910	503
910	588
910	592
910	636
910	665
910	678
910	793
910	807
910	812
910	840
910	872
910	908
910	911
910	928
910	934
910	939
910	940
910	941
911	213
911	478
911	490
911	491
911	503
911	587
911	588
911	592
911	636
911	678
911	793
911	807
911	812
911	840
911	872
911	908
911	910
911	928
911	939
911	940
911	941
912	116
912	167
912	192
912	386
912	416
912	517
912	698
912	724
912	739
912	745
912	785
912	825
912	837
912	840
912	844
912	858
912	914
912	923
912	938
912	947
912	968
913	20
913	58
913	170
913	197
913	247
913	326
913	390
913	395
913	450
913	571
913	607
913	670
913	689
913	694
913	706
913	720
913	827
913	832
913	863
913	882
913	899
914	152
914	288
914	376
914	386
914	416
914	436
914	557
914	677
914	698
914	724
914	762
914	785
914	825
914	837
914	844
914	858
914	912
914	923
914	938
914	947
914	968
915	67
915	129
915	231
915	355
915	370
915	407
915	492
915	507
915	528
915	695
915	722
915	753
915	781
915	806
915	831
915	854
915	868
915	883
915	903
915	949
915	978
916	23
916	75
916	293
916	327
916	359
916	393
916	455
916	456
916	522
916	701
916	717
916	744
916	780
916	813
916	874
916	904
916	905
916	921
916	959
916	967
916	976
917	735
917	777
917	794
917	798
917	849
917	860
917	877
917	881
917	903
917	907
917	927
917	945
917	969
917	984
917	988
917	990
917	992
917	993
917	994
917	997
917	999
918	132
918	145
918	177
918	289
918	446
918	447
918	618
918	630
918	634
918	665
918	702
918	735
918	782
918	864
918	866
918	886
918	898
918	960
918	962
918	971
918	980
919	283
919	335
919	590
919	776
919	784
919	851
919	884
919	891
919	892
919	922
919	930
919	938
919	955
919	957
919	958
919	965
919	966
919	973
919	985
919	989
919	991
920	93
920	124
920	127
920	134
920	319
920	380
920	427
920	434
920	462
920	520
920	623
920	700
920	764
920	771
920	788
920	790
920	792
920	873
920	924
920	944
920	963
921	218
921	293
921	312
921	327
921	393
921	402
921	456
921	522
921	701
921	717
921	744
921	780
921	813
921	874
921	889
921	904
921	905
921	916
921	946
921	959
921	967
921	976
922	301
922	505
922	549
922	645
922	776
922	784
922	824
922	851
922	891
922	892
922	919
922	930
922	955
922	957
922	958
922	965
922	966
922	973
922	974
922	985
922	989
922	991
923	288
923	376
923	416
923	517
923	557
923	698
923	724
923	739
923	745
923	762
923	785
923	813
923	824
923	825
923	837
923	844
923	858
923	912
923	914
923	938
923	947
923	968
924	74
924	93
924	127
924	134
924	183
924	326
924	380
924	427
924	623
924	639
924	645
924	697
924	764
924	771
924	788
924	790
924	792
924	873
924	920
924	944
924	963
924	997
925	149
925	188
925	255
925	309
925	310
925	328
925	387
925	425
925	474
925	502
925	536
925	552
925	641
925	710
925	761
925	786
925	787
925	826
925	871
925	887
925	952
925	978
926	61
926	142
926	154
926	280
926	366
926	391
926	644
926	650
926	740
926	766
926	783
926	795
926	878
926	890
926	901
926	931
926	932
926	975
926	977
926	982
926	983
926	987
927	24
927	264
927	626
927	632
927	652
927	777
927	794
927	798
927	860
927	877
927	907
927	917
927	945
927	969
927	984
927	988
927	990
927	992
927	993
927	994
927	997
927	999
928	213
928	359
928	490
928	491
928	503
928	588
928	592
928	636
928	678
928	713
928	793
928	807
928	812
928	840
928	867
928	872
928	908
928	910
928	911
928	939
928	940
928	941
929	24
929	102
929	109
929	180
929	498
929	509
929	529
929	552
929	600
929	605
929	642
929	675
929	819
929	838
929	883
929	893
929	895
929	942
929	954
929	961
929	979
929	986
930	79
930	159
930	352
930	413
930	590
930	784
930	824
930	851
930	884
930	891
930	892
930	919
930	922
930	955
930	957
930	958
930	965
930	966
930	973
930	985
930	989
930	991
931	96
931	280
931	366
931	644
931	649
931	650
931	740
931	761
931	766
931	783
931	795
931	878
931	890
931	901
931	926
931	932
931	975
931	977
931	982
931	983
931	987
932	280
932	333
932	366
932	449
932	506
932	644
932	650
932	651
932	740
932	766
932	783
932	795
932	878
932	890
932	901
932	926
932	931
932	975
932	977
932	982
932	983
932	987
933	133
933	452
933	530
933	540
933	580
933	628
933	629
933	685
933	703
933	810
933	834
933	839
933	846
933	872
933	909
933	934
933	935
933	946
933	950
933	974
933	998
933	1000
934	211
934	452
934	453
934	521
934	530
934	540
934	580
934	628
934	629
934	703
934	810
934	839
934	846
934	909
934	910
934	933
934	935
934	946
934	950
934	974
934	998
934	1000
935	169
935	354
935	521
935	580
935	599
935	628
935	685
935	703
935	805
935	810
935	829
935	839
935	846
935	909
935	933
935	934
935	946
935	950
935	968
935	974
935	998
935	1000
936	406
936	422
936	474
936	575
936	584
936	688
936	730
936	736
936	772
936	804
936	811
936	814
936	851
936	867
936	908
936	948
936	953
936	964
936	970
936	972
936	995
936	996
937	171
937	272
937	356
937	363
937	426
937	466
937	508
937	624
937	662
937	663
937	715
937	716
937	756
937	848
937	850
937	853
937	888
937	897
937	943
937	945
937	951
937	956
938	116
938	192
938	260
938	288
938	386
938	416
938	517
938	557
938	724
938	739
938	762
938	785
938	825
938	837
938	844
938	858
938	912
938	914
938	919
938	923
938	947
938	968
939	31
939	213
939	412
939	490
939	503
939	585
939	588
939	592
939	636
939	678
939	785
939	793
939	807
939	812
939	840
939	872
939	908
939	910
939	911
939	928
939	940
939	941
940	31
940	213
940	359
940	490
940	491
940	503
940	592
940	636
940	678
940	793
940	807
940	812
940	825
940	840
940	872
940	908
940	910
940	911
940	928
940	939
940	941
940	990
941	31
941	359
941	490
941	491
941	503
941	588
941	592
941	598
941	636
941	678
941	793
941	807
941	812
941	840
941	872
941	876
941	908
941	910
941	911
941	928
941	939
941	940
942	52
942	102
942	302
942	472
942	498
942	509
942	529
942	605
942	642
942	643
942	675
942	791
942	819
942	838
942	893
942	895
942	929
942	954
942	961
942	966
942	979
942	986
943	138
943	171
943	230
943	272
943	356
943	363
943	466
943	508
943	643
943	662
943	715
943	716
943	756
943	848
943	850
943	853
943	888
943	893
943	897
943	937
943	951
943	956
943	980
944	93
944	127
944	134
944	183
944	215
944	312
944	319
944	380
944	427
944	434
944	623
944	645
944	697
944	700
944	764
944	771
944	788
944	790
944	792
944	873
944	920
944	924
944	963
945	606
945	611
945	659
945	777
945	794
945	796
945	798
945	818
945	849
945	877
945	881
945	917
945	927
945	937
945	969
945	984
945	988
945	990
945	992
945	993
945	994
945	997
945	999
946	12
946	169
946	354
946	452
946	453
946	553
946	599
946	629
946	685
946	703
946	805
946	810
946	839
946	846
946	909
946	921
946	933
946	934
946	935
946	950
946	974
946	998
946	1000
947	116
947	192
947	376
947	416
947	517
947	557
947	592
947	698
947	724
947	739
947	745
947	762
947	785
947	800
947	825
947	837
947	844
947	858
947	912
947	914
947	923
947	938
947	968
948	50
948	140
948	398
948	547
948	640
948	680
948	725
948	730
948	736
948	772
948	811
948	814
948	867
948	888
948	936
948	952
948	953
948	964
948	970
948	972
948	981
948	995
948	996
949	67
949	129
949	151
949	168
949	231
949	355
949	370
949	391
949	492
949	507
949	528
949	672
949	722
949	753
949	781
949	806
949	831
949	854
949	868
949	883
949	903
949	915
949	974
950	86
950	133
950	432
950	452
950	521
950	530
950	540
950	580
950	599
950	628
950	629
950	685
950	703
950	810
950	846
950	909
950	933
950	934
950	935
950	946
950	974
950	975
950	998
950	1000
951	138
951	230
951	356
951	363
951	426
951	466
951	507
951	508
951	525
951	548
951	662
951	663
951	715
951	716
951	756
951	848
951	850
951	853
951	888
951	897
951	937
951	943
951	956
951	984
952	149
952	188
952	255
952	310
952	421
952	425
952	474
952	502
952	536
952	552
952	641
952	673
952	710
952	761
952	779
952	786
952	787
952	826
952	871
952	882
952	900
952	925
952	948
952	978
953	33
953	225
953	398
953	584
953	625
953	640
953	680
953	725
953	730
953	772
953	804
953	811
953	814
953	832
953	867
953	936
953	948
953	964
953	970
953	972
953	981
953	993
953	995
953	996
954	24
954	52
954	139
954	180
954	302
954	331
954	395
954	472
954	509
954	600
954	605
954	642
954	643
954	675
954	819
954	828
954	838
954	893
954	895
954	929
954	942
954	961
954	979
954	986
955	436
955	464
955	505
955	536
955	590
955	703
955	776
955	784
955	824
955	851
955	884
955	891
955	892
955	919
955	922
955	930
955	957
955	958
955	965
955	966
955	973
955	985
955	989
955	991
956	138
956	171
956	272
956	292
956	356
956	363
956	426
956	466
956	508
956	548
956	662
956	663
956	715
956	716
956	756
956	847
956	848
956	850
956	853
956	888
956	897
956	937
956	943
956	951
957	166
957	291
957	352
957	401
957	464
957	590
957	776
957	784
957	824
957	851
957	884
957	891
957	892
957	919
957	922
957	930
957	955
957	958
957	965
957	966
957	973
957	985
957	989
957	991
958	66
958	442
958	549
958	590
958	776
958	784
958	824
958	851
958	884
958	891
958	892
958	919
958	922
958	930
958	955
958	957
958	965
958	966
958	969
958	973
958	985
958	986
958	989
958	991
959	23
959	202
959	207
959	217
959	293
959	312
959	327
959	393
959	402
959	455
959	456
959	522
959	701
959	717
959	744
959	748
959	780
959	813
959	874
959	904
959	905
959	916
959	921
959	967
959	976
960	125
960	142
960	158
960	177
960	446
960	447
960	609
960	618
960	626
960	630
960	665
960	702
960	735
960	771
960	782
960	791
960	842
960	864
960	866
960	886
960	898
960	918
960	962
960	971
960	980
961	52
961	109
961	302
961	395
961	472
961	498
961	509
961	529
961	600
961	605
961	642
961	643
961	644
961	675
961	807
961	819
961	838
961	893
961	895
961	929
961	942
961	954
961	979
961	986
961	992
962	145
962	149
962	158
962	290
962	343
962	446
962	447
962	523
962	609
962	618
962	626
962	665
962	702
962	735
962	782
962	791
962	842
962	864
962	866
962	898
962	918
962	960
962	971
962	980
962	991
963	74
963	93
963	134
963	183
963	319
963	380
963	434
963	519
963	520
963	623
963	639
963	645
963	697
963	700
963	753
963	764
963	771
963	788
963	790
963	792
963	854
963	873
963	920
963	924
963	944
964	50
964	253
964	406
964	547
964	575
964	584
964	640
964	680
964	688
964	725
964	730
964	736
964	772
964	784
964	804
964	811
964	814
964	867
964	936
964	948
964	953
964	970
964	972
964	981
964	995
964	996
965	301
965	436
965	442
965	464
965	505
965	549
965	776
965	784
965	824
965	851
965	856
965	875
965	884
965	891
965	892
965	919
965	922
965	930
965	955
965	957
965	958
965	966
965	973
965	985
965	989
965	991
966	79
966	166
966	382
966	419
966	436
966	442
966	549
966	776
966	784
966	824
966	851
966	884
966	891
966	892
966	919
966	922
966	930
966	942
966	955
966	957
966	958
966	965
966	973
966	985
966	989
966	991
967	23
967	202
967	207
967	217
967	293
967	312
967	327
967	393
967	402
967	455
967	456
967	522
967	701
967	702
967	717
967	744
967	780
967	813
967	831
967	874
967	904
967	905
967	916
967	921
967	959
967	976
968	116
968	192
968	288
968	332
968	376
968	386
968	416
968	517
968	557
968	698
968	724
968	739
968	745
968	762
968	785
968	825
968	837
968	844
968	858
968	912
968	914
968	923
968	935
968	938
968	947
968	1000
969	219
969	611
969	632
969	652
969	777
969	794
969	798
969	818
969	849
969	855
969	860
969	877
969	881
969	907
969	917
969	927
969	945
969	958
969	984
969	988
969	990
969	992
969	993
969	994
969	997
969	999
970	50
970	406
970	422
970	547
970	575
970	625
970	640
970	641
970	680
970	688
970	725
970	730
970	736
970	772
970	804
970	811
970	814
970	867
970	936
970	948
970	953
970	964
970	972
970	981
970	995
970	996
970	998
971	132
971	142
971	145
971	151
971	177
971	290
971	343
971	360
971	446
971	447
971	502
971	609
971	618
971	623
971	626
971	630
971	665
971	782
971	791
971	842
971	864
971	866
971	886
971	898
971	918
971	960
971	962
972	33
972	121
972	180
972	367
972	398
972	406
972	547
972	575
972	584
972	625
972	640
972	688
972	725
972	730
972	736
972	772
972	804
972	811
972	814
972	936
972	948
972	953
972	964
972	970
972	981
972	995
972	996
973	66
973	122
973	166
973	357
973	436
973	464
973	549
973	590
973	639
973	776
973	784
973	824
973	851
973	884
973	891
973	892
973	919
973	922
973	930
973	955
973	957
973	958
973	965
973	966
973	985
973	989
973	991
974	40
974	133
974	169
974	354
974	452
974	453
974	521
974	530
974	540
974	580
974	599
974	628
974	685
974	805
974	810
974	839
974	846
974	877
974	909
974	922
974	933
974	934
974	935
974	946
974	949
974	950
974	998
975	46
975	61
975	141
975	154
975	228
975	303
975	333
975	366
975	449
975	644
975	650
975	740
975	766
975	783
975	795
975	846
975	878
975	890
975	901
975	926
975	931
975	932
975	950
975	977
975	982
975	983
975	987
976	23
976	202
976	207
976	217
976	293
976	312
976	327
976	393
976	402
976	455
976	456
976	484
976	522
976	701
976	705
976	717
976	744
976	780
976	813
976	837
976	874
976	904
976	905
976	916
976	921
976	959
976	967
977	46
977	61
977	96
977	141
977	171
977	228
977	303
977	333
977	449
977	644
977	650
977	670
977	713
977	740
977	766
977	783
977	795
977	878
977	890
977	901
977	926
977	931
977	932
977	975
977	982
977	983
977	987
978	149
978	188
978	255
978	309
978	310
978	328
978	425
978	431
978	474
978	502
978	524
978	536
978	552
978	641
978	673
978	710
978	761
978	769
978	779
978	786
978	787
978	826
978	871
978	900
978	915
978	925
978	952
979	24
979	52
979	102
979	109
979	180
979	302
979	395
979	397
979	472
979	498
979	509
979	512
979	529
979	600
979	605
979	642
979	643
979	675
979	819
979	838
979	893
979	895
979	929
979	942
979	954
979	961
979	986
980	132
980	145
980	151
980	158
980	177
980	290
980	343
980	360
980	446
980	483
980	609
980	618
980	630
980	665
980	702
980	735
980	782
980	791
980	842
980	864
980	866
980	886
980	898
980	918
980	943
980	960
980	962
980	981
981	25
981	33
981	200
981	367
981	398
981	406
981	422
981	547
981	575
981	584
981	625
981	640
981	688
981	725
981	730
981	772
981	804
981	811
981	814
981	867
981	948
981	953
981	964
981	970
981	972
981	980
981	995
981	996
982	46
982	61
982	96
982	141
982	154
982	228
982	280
982	303
982	396
982	449
982	644
982	650
982	682
982	740
982	766
982	783
982	793
982	795
982	878
982	890
982	901
982	926
982	931
982	932
982	975
982	977
982	983
982	987
983	46
983	61
983	96
983	126
983	141
983	228
983	303
983	333
983	366
983	449
983	644
983	650
983	740
983	742
983	766
983	783
983	795
983	824
983	878
983	890
983	901
983	926
983	931
983	932
983	975
983	977
983	982
983	987
984	335
984	337
984	589
984	606
984	652
984	777
984	794
984	798
984	818
984	849
984	853
984	860
984	877
984	881
984	907
984	917
984	927
984	945
984	951
984	969
984	986
984	988
984	990
984	992
984	993
984	994
984	997
984	999
985	66
985	79
985	301
985	305
985	346
985	352
985	436
985	442
985	464
985	505
985	776
985	784
985	824
985	851
985	884
985	891
985	892
985	919
985	922
985	930
985	955
985	957
985	958
985	965
985	966
985	973
985	989
985	991
986	10
986	24
986	52
986	102
986	109
986	180
986	302
986	395
986	472
986	498
986	509
986	529
986	600
986	605
986	642
986	643
986	675
986	819
986	838
986	893
986	895
986	929
986	942
986	954
986	958
986	961
986	979
986	984
987	46
987	141
987	154
987	228
987	280
987	303
987	333
987	366
987	449
987	644
987	650
987	707
987	740
987	766
987	783
987	795
987	838
987	859
987	878
987	890
987	901
987	926
987	931
987	932
987	975
987	977
987	982
987	983
988	187
988	234
988	335
988	589
988	611
988	632
988	666
988	777
988	794
988	818
988	823
988	849
988	860
988	867
988	877
988	881
988	907
988	917
988	927
988	945
988	969
988	984
988	990
988	992
988	993
988	994
988	997
988	999
989	66
989	79
989	166
989	301
989	352
989	442
989	505
989	549
989	558
989	590
989	635
989	776
989	824
989	851
989	884
989	891
989	892
989	919
989	922
989	930
989	955
989	957
989	958
989	965
989	966
989	973
989	985
989	990
989	991
990	187
990	234
990	337
990	499
990	589
990	606
990	632
990	652
990	777
990	794
990	798
990	818
990	849
990	860
990	881
990	907
990	917
990	927
990	940
990	945
990	969
990	984
990	988
990	989
990	992
990	993
990	994
990	997
990	999
991	59
991	79
991	301
991	352
991	436
991	442
991	464
991	549
991	590
991	776
991	784
991	806
991	824
991	851
991	884
991	891
991	892
991	919
991	922
991	930
991	955
991	957
991	958
991	962
991	965
991	966
991	973
991	985
991	989
992	187
992	335
992	589
992	606
992	611
992	632
992	652
992	722
992	777
992	798
992	818
992	849
992	860
992	877
992	881
992	896
992	907
992	917
992	927
992	945
992	961
992	969
992	984
992	988
992	990
992	993
992	994
992	997
992	999
993	276
993	337
993	589
993	606
993	611
993	616
993	632
993	652
993	777
993	794
993	798
993	818
993	849
993	860
993	877
993	881
993	907
993	917
993	927
993	945
993	953
993	969
993	984
993	988
993	990
993	992
993	994
993	997
993	999
994	165
994	201
994	234
994	288
994	335
994	589
994	606
994	611
994	632
994	652
994	777
994	794
994	798
994	818
994	849
994	860
994	877
994	881
994	907
994	917
994	927
994	945
994	969
994	984
994	988
994	990
994	992
994	993
994	997
994	999
995	33
995	272
995	367
995	406
995	422
995	547
995	575
995	584
995	625
995	640
995	674
995	680
995	688
995	725
995	730
995	736
995	772
995	776
995	804
995	811
995	814
995	867
995	936
995	948
995	953
995	964
995	970
995	972
995	981
995	996
996	33
996	117
996	226
996	367
996	398
996	422
996	547
996	575
996	584
996	625
996	636
996	640
996	680
996	688
996	725
996	730
996	736
996	772
996	804
996	811
996	814
996	867
996	936
996	948
996	953
996	964
996	970
996	972
996	981
996	995
997	193
997	234
997	335
997	337
997	606
997	611
997	632
997	652
997	777
997	794
997	798
997	818
997	827
997	849
997	860
997	877
997	881
997	907
997	917
997	924
997	927
997	945
997	969
997	984
997	988
997	990
997	992
997	993
997	994
997	999
998	12
998	40
998	133
998	135
998	169
998	354
998	452
998	453
998	521
998	530
998	580
998	599
998	629
998	685
998	703
998	719
998	805
998	810
998	839
998	846
998	872
998	909
998	933
998	934
998	935
998	946
998	950
998	970
998	974
998	1000
999	187
999	234
999	337
999	539
999	589
999	606
999	611
999	632
999	673
999	777
999	794
999	798
999	818
999	849
999	860
999	877
999	878
999	881
999	907
999	917
999	927
999	945
999	969
999	984
999	988
999	990
999	992
999	993
999	994
999	997
1000	5
1000	12
1000	40
1000	133
1000	135
1000	354
1000	452
1000	453
1000	521
1000	530
1000	540
1000	580
1000	599
1000	628
1000	629
1000	685
1000	703
1000	762
1000	805
1000	810
1000	839
1000	846
1000	909
1000	933
1000	934
1000	935
1000	946
1000	950
1000	968
1000	998
