1	645
1	906
1	922
1	966
1	983
2	103
2	283
2	565
2	632
2	989
3	410
3	760
3	855
3	903
3	927
4	375
4	429
4	599
4	706
4	727
5	120
5	541
5	800
5	821
5	995
6	171
6	720
6	861
6	872
6	969
7	66
7	131
7	729
7	757
7	933
8	657
8	731
8	754
8	842
8	991
9	183
9	669
9	681
9	682
9	697
10	590
10	613
10	626
10	832
10	995
11	367
11	624
11	640
11	783
11	968
12	280
12	573
12	663
12	694
12	986
13	331
13	533
13	864
13	923
13	992
14	95
14	161
14	247
14	427
14	781
15	324
15	689
15	783
15	878
15	941
16	551
16	805
16	815
16	970
16	987
17	335
17	361
17	745
17	768
17	955
18	362
18	765
18	911
18	923
18	959
19	451
19	570
19	791
19	966
19	984
20	400
20	452
20	769
20	851
20	962
21	345
21	670
21	826
21	862
21	945
22	236
22	389
22	657
22	720
22	843
23	700
23	755
23	818
23	865
23	899
24	218
24	492
24	562
24	688
24	914
25	419
25	711
25	773
25	833
25	961
26	846
26	867
26	876
26	959
26	995
27	240
27	726
27	808
27	820
27	882
28	203
28	398
28	448
28	728
28	799
29	837
29	955
29	962
29	985
29	988
30	255
30	631
30	738
30	789
30	934
31	321
31	470
31	530
31	539
31	966
32	63
32	86
32	134
32	187
32	585
33	232
33	382
33	508
33	802
33	962
34	153
34	215
34	663
34	694
34	816
35	163
35	390
35	921
35	954
35	979
36	127
36	366
36	630
36	667
36	982
37	405
37	796
37	809
37	889
37	957
38	355
38	412
38	597
38	611
38	861
39	67
39	309
39	331
39	357
39	830
40	763
40	775
40	926
40	987
40	1000
41	99
41	222
41	291
41	319
41	769
42	93
42	266
42	461
42	500
42	988
43	288
43	404
43	560
43	941
43	973
44	60
44	271
44	353
44	655
44	956
45	624
45	845
45	853
45	936
45	997
46	568
46	671
46	944
46	949
46	970
47	138
47	197
47	501
47	579
47	599
48	91
48	336
48	795
48	812
48	970
49	82
49	166
49	840
49	850
49	954
50	97
50	437
50	735
50	749
50	770
51	408
51	506
51	690
51	764
51	945
52	168
52	208
52	641
52	904
52	908
53	675
53	767
53	801
53	868
53	917
54	244
54	294
54	532
54	664
54	889
55	386
55	457
55	874
55	988
55	997
56	555
56	769
56	823
56	840
56	999
57	482
57	795
57	926
57	953
57	1000
58	125
58	686
58	768
58	903
58	992
59	297
59	396
59	691
59	771
59	983
60	44
60	516
60	587
60	794
60	905
61	214
61	241
61	723
61	906
61	984
62	471
62	523
62	655
62	836
62	861
63	32
63	403
63	576
63	732
63	886
64	150
64	202
64	599
64	926
64	939
65	252
65	508
65	698
65	828
65	854
66	7
66	538
66	729
66	818
66	888
67	39
67	716
67	869
67	928
67	990
68	164
68	533
68	560
68	920
68	980
69	476
69	527
69	745
69	807
69	997
70	348
70	737
70	898
70	911
70	953
71	104
71	593
71	964
71	968
71	990
72	757
72	870
72	876
72	893
72	907
73	121
73	237
73	591
73	625
73	857
74	433
74	724
74	845
74	936
74	941
75	577
75	841
75	894
75	973
75	986
76	221
76	526
76	572
76	833
76	885
77	116
77	581
77	716
77	915
77	917
78	96
78	513
78	553
78	746
78	947
79	258
79	635
79	893
79	915
79	967
80	178
80	722
80	842
80	973
80	986
81	126
81	224
81	624
81	948
81	971
82	49
82	229
82	608
82	778
82	803
83	398
83	591
83	830
83	897
83	988
84	777
84	812
84	916
84	955
84	958
85	533
85	777
85	789
85	881
85	928
86	32
86	738
86	742
86	744
86	773
87	772
87	789
87	876
87	883
87	977
88	635
88	637
88	741
88	756
88	843
89	245
89	827
89	862
89	866
89	922
90	291
90	868
90	890
90	905
90	993
91	48
91	323
91	378
91	613
91	691
92	167
92	597
92	740
92	914
92	978
93	42
93	150
93	763
93	870
93	907
94	98
94	642
94	687
94	952
94	964
95	14
95	662
95	768
95	802
95	950
96	78
96	182
96	327
96	365
96	723
97	50
97	729
97	831
97	865
97	961
98	94
98	668
98	870
98	907
98	914
99	41
99	193
99	563
99	725
99	767
100	499
100	692
100	897
100	922
100	992
101	234
101	416
101	485
101	939
101	944
102	908
102	924
102	925
102	962
102	980
103	2
103	654
103	946
103	978
103	989
104	71
104	594
104	737
104	942
104	979
105	233
105	845
105	932
105	936
105	983
106	481
106	484
106	730
106	741
106	743
107	539
107	545
107	705
107	764
107	885
108	224
108	299
108	539
108	759
108	982
109	431
109	716
109	869
109	905
109	973
110	412
110	553
110	861
110	906
110	939
111	473
111	776
111	860
111	945
111	998
112	464
112	597
112	774
112	900
112	983
113	649
113	656
113	739
113	781
113	825
114	222
114	296
114	634
114	820
114	940
115	286
115	387
115	593
115	836
115	938
116	77
116	448
116	546
116	658
116	844
117	648
117	746
117	946
117	952
117	997
118	360
118	611
118	638
118	758
118	970
119	268
119	576
119	585
119	883
119	965
120	5
120	324
120	794
120	849
120	998
121	73
121	505
121	671
121	799
121	994
122	306
122	404
122	540
122	589
122	779
123	417
123	456
123	612
123	922
123	979
124	646
124	841
124	935
124	978
124	989
125	58
125	184
125	229
125	452
125	972
126	81
126	573
126	668
126	719
126	783
127	36
127	155
127	419
127	529
127	700
128	449
128	603
128	973
128	986
128	991
129	617
129	850
129	901
129	926
129	967
130	416
130	418
130	582
130	796
130	999
131	7
131	512
131	715
131	854
131	953
132	334
132	416
132	645
132	878
132	939
133	725
133	730
133	795
133	920
133	970
134	32
134	268
134	576
134	857
134	907
135	426
135	431
135	469
135	881
135	921
136	695
136	782
136	818
136	959
136	972
137	156
137	316
137	751
137	785
137	950
138	47
138	313
138	599
138	723
138	913
139	572
139	700
139	848
139	967
139	972
140	537
140	637
140	763
140	810
140	907
141	256
141	646
141	926
141	969
141	1000
142	556
142	673
142	784
142	984
142	989
143	291
143	863
143	921
143	923
143	948
144	513
144	697
144	712
144	875
144	960
145	241
145	247
145	506
145	632
145	832
146	295
146	455
146	694
146	831
146	892
147	245
147	303
147	787
147	854
147	945
148	420
148	685
148	811
148	881
148	943
149	240
149	338
149	567
149	943
149	968
150	64
150	93
150	299
150	505
150	980
151	394
151	466
151	592
151	639
151	974
152	323
152	378
152	691
152	867
152	918
153	34
153	663
153	694
153	888
153	968
154	354
154	509
154	721
154	761
154	887
155	127
155	366
155	489
155	568
155	949
156	137
156	809
156	879
156	901
156	940
157	262
157	618
157	710
157	869
157	888
158	449
158	530
158	649
158	706
158	727
159	468
159	502
159	515
159	891
159	934
160	225
160	326
160	621
160	664
160	994
161	14
161	768
161	812
161	931
161	955
162	188
162	534
162	563
162	801
162	802
163	35
163	384
163	586
163	671
163	749
164	68
164	466
164	676
164	951
164	980
165	191
165	647
165	739
165	748
165	825
166	49
166	423
166	578
166	652
166	889
167	92
167	711
167	978
167	988
167	989
168	52
168	372
168	861
168	960
168	969
169	622
169	846
169	878
169	906
169	912
170	276
170	394
170	607
170	651
170	674
171	6
171	280
171	466
171	862
171	866
172	461
172	698
172	830
172	886
172	988
173	398
173	455
173	943
173	951
173	957
174	232
174	357
174	402
174	737
174	797
175	242
175	258
175	600
175	689
175	780
176	246
176	683
176	750
176	932
176	938
177	453
177	503
177	616
177	732
177	890
178	80
178	852
178	869
178	885
178	998
179	239
179	512
179	628
179	843
179	881
180	487
180	574
180	844
180	933
180	942
181	271
181	482
181	545
181	611
181	764
182	96
182	323
182	427
182	792
182	803
183	9
183	191
183	579
183	712
183	857
184	125
184	518
184	555
184	556
184	695
185	485
185	872
185	895
185	933
185	987
186	370
186	438
186	828
186	940
186	998
187	32
187	676
187	973
187	986
187	991
188	162
188	679
188	699
188	964
188	990
189	577
189	814
189	915
189	917
189	951
190	590
190	827
190	930
190	976
190	982
191	165
191	183
191	579
191	599
191	697
192	309
192	346
192	836
192	883
192	951
193	99
193	252
193	389
193	565
193	952
194	382
194	669
194	692
194	767
194	811
195	457
195	826
195	829
195	843
195	983
196	486
196	912
196	926
196	927
196	980
197	47
197	230
197	617
197	733
197	840
198	708
198	775
198	776
198	885
198	961
199	620
199	685
199	837
199	870
199	912
200	337
200	763
200	831
200	892
200	943
201	213
201	393
201	510
201	551
201	664
202	64
202	275
202	288
202	857
202	939
203	28
203	261
203	880
203	967
203	981
204	658
204	707
204	818
204	828
204	837
205	231
205	275
205	902
205	939
205	979
206	685
206	796
206	814
206	915
206	917
207	649
207	790
207	832
207	970
207	975
208	52
208	219
208	467
208	570
208	939
209	663
209	694
209	895
209	932
209	950
210	509
210	702
210	766
210	947
210	975
211	517
211	689
211	736
211	978
211	989
212	477
212	483
212	760
212	828
212	866
213	201
213	591
213	725
213	803
213	975
214	61
214	738
214	742
214	800
214	938
215	34
215	237
215	286
215	496
215	975
216	498
216	742
216	788
216	800
216	875
217	543
217	632
217	706
217	718
217	727
218	24
218	461
218	734
218	753
218	936
219	208
219	679
219	873
219	966
219	969
219	971
220	544
220	635
220	856
220	865
220	961
220	976
221	76
221	262
221	266
221	596
221	909
221	957
222	41
222	114
222	267
222	769
222	951
222	955
223	624
223	640
223	783
223	787
223	911
223	994
224	81
224	108
224	470
224	539
224	547
224	682
225	160
225	388
225	477
225	693
225	747
225	972
226	676
226	829
226	942
226	972
226	991
226	996
227	528
227	544
227	908
227	918
227	921
227	952
228	367
228	528
228	742
228	771
228	850
228	945
229	82
229	125
229	313
229	397
229	601
229	987
230	197
230	304
230	571
230	616
230	681
230	921
231	205
231	381
231	904
231	905
231	925
231	974
232	33
232	174
232	265
232	713
232	797
232	910
233	105
233	348
233	604
233	853
233	933
233	936
234	101
234	359
234	697
234	817
234	939
234	966
235	284
235	674
235	855
235	898
235	912
235	979
236	22
236	252
236	389
236	480
236	926
236	993
237	73
237	215
237	591
237	703
237	793
237	856
238	260
238	264
238	406
238	426
238	431
238	989
239	179
239	550
239	601
239	608
239	956
239	991
240	27
240	149
240	268
240	358
240	494
240	819
241	61
241	145
241	775
241	868
241	884
241	899
242	175
242	695
242	774
242	886
242	898
242	918
243	444
243	617
243	834
243	973
243	986
243	991
244	54
244	480
244	547
244	688
244	935
244	997
245	89
245	147
245	349
245	855
245	871
245	941
246	176
246	442
246	812
246	884
246	899
246	937
247	14
247	145
247	550
247	697
247	796
247	960
248	421
248	490
248	872
248	881
248	973
248	991
249	414
249	581
249	798
249	800
249	802
249	803
250	827
250	862
250	866
250	874
250	920
250	965
251	373
251	673
251	690
251	864
251	932
251	992
252	65
252	193
252	236
252	346
252	389
252	889
253	279
253	666
253	732
253	891
253	916
253	960
254	286
254	481
254	496
254	591
254	682
254	776
255	30
255	609
255	742
255	800
255	989
255	990
256	141
256	335
256	779
256	926
256	991
256	992
257	352
257	512
257	609
257	761
257	808
257	887
258	79
258	175
258	332
258	342
258	854
258	993
259	415
259	467
259	762
259	831
259	872
259	937
260	238
260	339
260	451
260	468
260	502
260	954
261	203
261	282
261	880
261	893
261	914
261	961
262	157
262	221
262	540
262	589
262	779
262	845
263	300
263	537
263	739
263	846
263	952
263	980
264	238
264	573
264	640
264	737
264	783
264	960
265	232
265	351
265	782
265	784
265	786
265	913
266	42
266	221
266	535
266	649
266	942
266	979
267	222
267	400
267	618
267	769
267	924
267	948
268	119
268	134
268	240
268	585
268	647
268	869
269	312
269	919
269	921
269	937
269	994
269	999
270	358
270	494
270	567
270	629
270	653
270	977
271	44
271	181
271	308
271	516
271	758
271	946
272	561
272	660
272	680
272	710
272	869
272	872
273	471
273	812
273	822
273	826
273	854
273	982
274	275
274	521
274	571
274	761
274	880
274	909
275	202
275	205
275	274
275	710
275	920
275	939
276	170
276	420
276	664
276	845
276	852
276	936
277	683
277	735
277	794
277	840
277	888
277	998
278	322
278	349
278	462
278	541
278	808
278	822
279	253
279	409
279	822
279	891
279	903
279	975
280	12
280	171
280	489
280	761
280	838
280	862
281	350
281	522
281	651
281	882
281	923
281	957
282	261
282	350
282	438
282	826
282	896
282	982
283	2
283	479
283	524
283	737
283	746
283	944
284	235
284	434
284	503
284	658
284	668
284	818
285	654
285	807
285	845
285	846
285	901
285	980
286	115
286	215
286	254
286	377
286	496
286	591
287	761
287	831
287	873
287	892
287	917
287	968
288	43
288	202
288	774
288	788
288	958
288	993
289	351
289	356
289	574
289	590
289	689
289	891
290	413
290	420
290	453
290	609
290	904
290	905
291	41
291	90
291	143
291	400
291	700
291	769
292	338
292	395
292	842
292	897
292	986
292	991
293	405
293	442
293	502
293	509
293	766
293	975
294	54
294	379
294	664
294	696
294	735
294	899
295	146
295	659
295	695
295	831
295	944
295	949
296	114
296	756
296	802
296	843
296	881
296	959
297	59
297	324
297	404
297	549
297	646
297	944
298	321
298	470
298	539
298	701
298	988
298	994
299	108
299	150
299	533
299	549
299	808
299	980
300	263
300	467
300	879
300	890
300	905
300	909
301	566
301	609
301	630
301	761
301	887
301	974
302	504
302	590
302	802
302	848
302	910
302	971
303	147
303	360
303	541
303	567
303	716
303	817
304	230
304	394
304	466
304	716
304	861
304	947
305	597
305	809
305	833
305	889
305	940
305	981
306	122
306	582
306	778
306	807
306	876
306	893
307	355
307	648
307	650
307	872
307	902
307	962
308	271
308	353
308	516
308	720
308	842
308	991
309	39
309	192
309	673
309	741
309	944
309	971
310	647
310	832
310	868
310	929
310	930
310	970
311	456
311	578
311	627
311	652
311	660
311	796
312	269
312	793
312	844
312	857
312	945
312	964
313	138
313	229
313	601
313	608
313	724
313	783
314	324
314	567
314	589
314	602
314	626
314	646
315	820
315	837
315	879
315	889
315	940
315	953
316	137
316	438
316	579
316	830
316	924
316	962
317	660
317	858
317	882
317	901
317	908
317	965
318	703
318	832
318	850
318	879
318	970
318	988
319	41
319	465
319	814
319	947
319	968
319	989
320	429
320	795
320	848
320	859
320	967
320	982
321	31
321	298
321	470
321	564
321	633
321	639
322	278
322	441
322	610
322	672
322	925
322	928
323	91
323	152
323	182
323	651
323	691
323	984
324	15
324	120
324	297
324	314
324	547
324	560
325	454
325	486
325	768
325	794
325	872
325	914
326	160
326	532
326	664
326	776
326	840
326	958
327	96
327	359
327	507
327	636
327	713
327	983
328	434
328	672
328	757
328	818
328	846
328	975
329	573
329	743
329	898
329	900
329	937
329	943
330	622
330	638
330	665
330	924
330	961
330	965
331	13
331	39
331	572
331	661
331	817
331	929
332	258
332	392
332	760
332	828
332	866
332	966
333	584
333	815
333	856
333	971
333	976
333	980
334	132
334	563
334	658
334	757
334	773
334	818
335	17
335	256
335	589
335	603
335	779
335	875
336	48
336	635
336	749
336	805
336	946
336	970
337	200
337	711
337	764
337	773
337	833
337	980
338	149
338	292
338	593
338	913
338	972
338	996
339	260
339	468
339	502
339	515
339	729
339	737
340	527
340	608
340	635
340	718
340	880
340	893
341	615
341	666
341	758
341	819
341	911
341	965
342	258
342	532
342	673
342	741
342	978
342	981
343	529
343	754
343	777
343	822
343	973
343	991
344	389
344	642
344	798
344	846
344	885
344	958
345	21
345	670
345	775
345	804
345	833
345	908
345	987
346	192
346	252
346	501
346	522
346	560
346	924
346	951
347	434
347	658
347	729
347	753
347	757
347	824
347	974
348	70
348	233
348	425
348	923
348	953
348	980
348	999
349	245
349	278
349	661
349	848
349	867
349	907
349	995
350	281
350	282
350	466
350	607
350	829
350	859
350	989
351	265
351	289
351	562
351	645
351	816
351	971
351	983
352	257
352	633
352	636
352	839
352	879
352	940
352	977
353	44
353	308
353	516
353	823
353	829
353	930
353	972
354	154
354	521
354	759
354	761
354	869
354	887
354	919
355	38
355	307
355	365
355	550
355	822
355	919
355	955
356	289
356	408
356	424
356	545
356	764
356	975
356	996
357	39
357	174
357	372
357	661
357	664
357	673
357	940
358	240
358	270
358	494
358	559
358	567
358	620
358	839
359	234
359	327
359	431
359	553
359	568
359	751
359	939
360	118
360	303
360	370
360	828
360	861
360	936
360	942
361	17
361	713
361	719
361	770
361	874
361	922
361	942
362	18
362	806
362	868
362	884
362	899
362	928
362	957
363	371
363	488
363	582
363	718
363	778
363	876
363	994
364	528
364	583
364	631
364	653
364	721
364	844
364	972
365	96
365	355
365	795
365	822
365	859
365	917
365	955
366	36
366	155
366	494
366	871
366	912
366	927
366	972
367	11
367	228
367	576
367	705
367	945
367	968
367	981
368	477
368	572
368	631
368	716
368	738
368	800
368	981
369	497
369	628
369	735
369	756
369	811
369	881
369	984
370	186
370	360
370	372
370	408
370	707
370	724
370	817
371	363
371	680
371	920
371	925
371	946
371	974
371	994
372	168
372	357
372	370
372	665
372	741
372	866
372	961
373	251
373	799
373	813
373	875
373	881
373	994
373	999
374	585
374	595
374	739
374	748
374	782
374	785
374	825
375	4
375	440
375	539
375	674
375	686
375	822
375	955
376	472
376	623
376	816
376	932
376	954
376	963
376	980
377	286
377	670
377	929
377	967
377	976
377	980
377	982
378	91
378	152
378	396
378	661
378	691
378	893
378	996
379	294
379	524
379	532
379	664
379	925
379	955
379	969
380	542
380	765
380	857
380	864
380	922
380	923
380	950
381	231
381	487
381	584
381	633
381	710
381	904
381	905
382	33
382	194
382	417
382	732
382	765
382	801
382	975
383	464
383	630
383	762
383	791
383	958
383	973
383	998
384	163
384	492
384	532
384	534
384	831
384	849
384	998
385	412
385	577
385	705
385	915
385	956
385	981
385	993
386	55
386	443
386	739
386	757
386	931
386	984
386	997
387	115
387	415
387	726
387	778
387	876
387	957
387	964
388	225
388	684
388	714
388	847
388	871
388	961
388	996
389	22
389	193
389	236
389	252
389	344
389	910
389	971
390	35
390	566
390	742
390	875
390	877
390	922
390	979
391	438
391	792
391	809
391	856
391	910
391	967
391	983
392	332
392	433
392	536
392	669
392	709
392	853
392	936
393	201
393	398
393	510
393	546
393	938
393	976
393	982
394	151
394	170
394	304
394	522
394	745
394	781
394	788
395	292
395	639
395	693
395	746
395	780
395	928
395	993
396	59
396	378
396	619
396	691
396	869
396	909
396	973
397	229
397	650
397	698
397	700
397	874
397	961
397	985
398	28
398	83
398	173
398	393
398	510
398	588
398	676
399	498
399	626
399	766
399	773
399	897
399	902
399	969
400	20
400	267
400	291
400	690
400	769
400	864
400	994
401	580
401	588
401	635
401	694
401	754
401	838
401	880
402	174
402	481
402	484
402	705
402	782
402	814
402	903
403	63
403	755
403	868
403	884
403	899
403	916
403	941
404	43
404	122
404	297
404	490
404	613
404	774
404	934
405	37
405	293
405	463
405	602
405	721
405	770
405	975
406	238
406	430
406	469
406	526
406	768
406	788
406	950
407	520
407	792
407	838
407	840
407	880
407	893
407	967
408	51
408	356
408	370
408	473
408	764
408	805
408	957
409	279
409	737
409	901
409	925
409	933
409	956
409	974
410	3
410	499
410	808
410	850
410	922
410	942
410	954
411	561
411	764
411	768
411	812
411	820
411	869
411	960
412	38
412	110
412	385
412	597
412	754
412	862
412	966
413	290
413	584
413	892
413	918
413	956
413	981
413	994
414	249
414	464
414	696
414	733
414	841
414	971
414	983
415	259
415	387
415	426
415	550
415	778
415	816
415	876
416	101
416	130
416	132
416	553
416	752
416	874
416	939
417	123
417	382
417	478
417	568
417	918
417	949
417	957
418	130
418	428
418	452
418	463
418	518
418	556
418	607
419	25
419	127
419	762
419	894
419	986
419	989
419	991
420	148
420	276
420	290
420	522
420	845
420	853
420	936
421	248
421	894
421	942
421	962
421	986
421	991
421	999
422	622
422	670
422	711
422	773
422	833
422	878
422	912
423	166
423	652
423	660
423	816
423	881
423	938
423	943
424	356
424	506
424	680
424	708
424	916
424	961
424	993
425	348
425	566
425	593
425	743
425	810
425	938
425	958
426	135
426	238
426	415
426	430
426	666
426	880
426	925
427	14
427	182
427	563
427	589
427	641
427	776
427	803
428	418
428	670
428	894
428	973
428	986
428	991
428	998
429	4
429	320
429	738
429	739
429	824
429	977
429	999
430	406
430	426
430	469
430	505
430	867
430	917
430	949
431	109
431	135
431	238
431	359
431	469
431	513
431	708
432	568
432	657
432	667
432	807
432	841
432	944
432	949
433	74
433	392
433	485
433	601
433	815
433	947
433	960
434	284
434	328
434	347
434	672
434	757
434	845
434	849
435	814
435	852
435	890
435	915
435	917
435	932
435	1000
436	482
436	548
436	743
436	772
436	799
436	835
436	863
437	50
437	659
437	749
437	865
437	914
437	961
437	966
438	186
438	282
438	316
438	391
438	895
438	955
438	971
439	577
439	701
439	777
439	910
439	912
439	941
439	994
440	375
440	768
440	812
440	835
440	837
440	955
440	986
441	322
441	759
441	787
441	811
441	936
441	963
441	992
442	246
442	293
442	622
442	868
442	884
442	898
442	956
443	386
443	521
443	608
443	609
443	782
443	887
443	931
444	243
444	523
444	686
444	822
444	834
444	836
444	966
445	550
445	582
445	733
445	777
445	778
445	876
445	981
446	618
446	717
446	726
446	788
446	873
446	953
446	993
447	760
447	819
447	909
447	951
447	957
447	989
447	1000
448	28
448	116
448	546
448	684
448	859
448	876
448	954
449	128
449	158
449	660
449	820
449	879
449	889
449	940
450	647
450	653
450	668
450	835
450	919
450	952
450	999
451	19
451	260
451	570
451	791
451	834
451	966
451	990
452	20
452	125
452	418
452	518
452	556
452	883
452	974
453	177
453	290
453	798
453	890
453	904
453	936
453	959
454	325
454	688
454	707
454	753
454	914
454	916
454	982
455	146
455	173
455	600
455	606
455	638
455	873
455	943
456	123
456	311
456	790
456	793
456	931
456	956
456	974
457	55
457	195
457	760
457	791
457	885
457	906
457	984
458	755
458	834
458	868
458	899
458	930
458	952
458	965
459	662
459	747
459	810
459	830
459	938
459	977
459	998
460	524
460	737
460	746
460	797
460	817
460	868
460	935
461	42
461	172
461	218
461	499
461	962
461	979
461	985
462	278
462	463
462	565
462	655
462	750
462	886
462	906
463	405
463	418
463	462
463	484
463	680
463	916
463	961
464	112
464	383
464	414
464	617
464	798
464	896
464	971
465	319
465	588
465	649
465	748
465	825
465	953
465	976
466	151
466	164
466	171
466	304
466	350
466	513
466	651
467	208
467	259
467	300
467	684
467	732
467	752
467	890
467	904
468	159
468	260
468	339
468	492
468	515
468	875
468	946
468	962
469	135
469	406
469	430
469	431
469	805
469	955
469	983
469	993
470	31
470	224
470	298
470	321
470	568
470	818
470	956
470	962
471	62
471	273
471	581
471	686
471	812
471	901
471	955
471	998
472	376
472	584
472	665
472	759
472	789
472	823
472	923
472	992
473	111
473	408
473	512
473	539
473	762
473	871
473	958
473	998
474	541
474	564
474	694
474	714
474	882
474	972
474	993
474	998
475	478
475	619
475	639
475	659
475	771
475	918
475	944
475	990
476	69
476	516
476	698
476	863
476	893
476	904
476	935
476	996
477	212
477	225
477	368
477	714
477	788
477	808
477	944
477	969
478	417
478	475
478	667
478	741
478	752
478	878
478	913
478	944
479	283
479	507
479	737
479	784
479	797
479	831
479	896
479	970
480	236
480	244
480	547
480	643
480	895
480	912
480	934
480	987
481	106
481	254
481	402
481	493
481	823
481	891
481	952
481	960
482	57
482	181
482	436
482	499
482	619
482	909
482	951
482	957
483	212
483	775
483	817
483	854
483	860
483	940
483	941
483	957
484	106
484	402
484	463
484	757
484	903
484	960
484	978
484	988
485	101
485	185
485	433
485	709
485	734
485	853
485	887
485	996
486	196
486	325
486	519
486	638
486	692
486	736
486	753
486	914
487	180
487	381
487	732
487	827
487	890
487	904
487	905
487	939
488	363
488	534
488	849
488	945
488	946
488	947
488	964
488	990
489	155
489	280
489	564
489	772
489	824
489	827
489	862
489	866
490	248
490	404
490	578
490	680
490	708
490	916
490	961
490	979
491	555
491	756
491	871
491	886
491	898
491	945
491	968
491	990
492	24
492	384
492	468
492	615
492	713
492	827
492	862
492	866
493	481
493	641
493	647
493	685
493	709
493	795
493	832
493	970
494	240
494	270
494	358
494	366
494	567
494	745
494	858
494	937
495	610
495	642
495	727
495	731
495	744
495	774
495	826
495	895
496	215
496	254
496	286
496	576
496	591
496	895
496	952
496	986
497	369
497	537
497	599
497	784
497	841
497	888
497	978
497	989
498	216
498	399
498	613
498	636
498	820
498	828
498	879
498	940
499	100
499	410
499	461
499	482
499	953
499	963
499	988
499	992
500	42
500	558
500	756
500	884
500	924
500	944
500	959
500	962
501	47
501	346
501	555
501	691
501	789
501	835
501	844
501	957
502	159
502	260
502	293
502	339
502	515
502	552
502	894
502	949
503	177
503	284
503	632
503	660
503	890
503	891
503	903
503	960
504	302
504	507
504	526
504	645
504	720
504	728
504	838
504	896
505	121
505	150
505	430
505	621
505	636
505	846
505	855
505	980
506	51
506	145
506	424
506	697
506	761
506	796
506	903
506	960
507	327
507	479
507	504
507	603
507	725
507	737
507	767
507	797
508	33
508	65
508	579
508	675
508	767
508	802
508	807
508	864
509	154
509	210
509	293
509	675
509	691
509	790
509	902
509	975
510	201
510	393
510	398
510	546
510	605
510	773
510	920
510	964
511	811
511	873
511	892
511	898
511	918
511	937
511	967
511	971
512	131
512	179
512	257
512	473
512	673
512	741
512	797
512	817
513	78
513	144
513	431
513	466
513	713
513	734
513	746
513	797
514	625
514	681
514	733
514	823
514	840
514	872
514	883
514	980
515	159
515	339
515	468
515	502
515	634
515	831
515	988
515	998
516	60
516	271
516	308
516	353
516	476
516	575
516	868
516	998
517	211
517	837
517	930
517	932
517	967
517	976
517	982
517	996
518	184
518	418
518	452
518	556
518	938
518	952
518	965
518	992
519	486
519	584
519	636
519	669
519	879
519	889
519	933
519	940
520	407
520	588
520	626
520	726
520	838
520	845
520	880
520	1000
521	274
521	354
521	443
521	571
521	677
521	828
521	887
521	916
522	281
522	346
522	394
522	420
522	607
522	651
522	687
522	883
523	62
523	444
523	570
523	606
523	682
523	799
523	836
523	867
524	283
524	379
524	460
524	726
524	882
524	928
524	993
524	998
525	635
525	708
525	806
525	838
525	880
525	893
525	963
525	990
526	76
526	406
526	504
526	546
526	671
526	798
526	852
526	977
527	69
527	340
527	612
527	614
527	617
527	724
527	806
527	858
528	227
528	228
528	364
528	574
528	600
528	663
528	844
528	861
529	127
529	343
529	731
529	814
529	826
529	862
529	910
529	983
530	31
530	158
530	874
530	924
530	964
530	969
530	979
530	985
531	571
531	632
531	683
531	864
531	891
531	903
531	960
531	965
532	54
532	326
532	342
532	379
532	384
532	664
532	781
532	783
533	13
533	68
533	85
533	299
533	676
533	930
533	980
533	985
534	162
534	384
534	488
534	759
534	852
534	944
534	958
534	998
535	266
535	536
535	574
535	806
535	812
535	942
535	961
535	995
536	392
536	535
536	720
536	744
536	877
536	891
536	922
536	954
537	140
537	263
537	497
537	654
537	810
537	846
537	927
537	980
538	66
538	762
538	902
538	904
538	962
538	969
538	988
538	994
539	31
539	107
539	108
539	224
539	298
539	375
539	473
539	920
540	122
540	262
540	589
540	743
540	757
540	779
540	801
540	879
541	5
541	278
541	303
541	474
541	627
541	684
541	754
541	993
542	380
542	545
542	859
542	886
542	967
542	976
542	977
542	982
543	217
543	706
543	718
543	719
543	727
543	945
543	982
543	1000
544	220
544	227
544	715
544	736
544	916
544	956
544	961
544	969
545	107
545	181
545	356
545	542
545	764
545	778
545	823
545	862
546	116
546	393
546	448
546	510
546	526
546	896
546	899
546	903
547	224
547	244
547	324
547	480
547	723
547	863
547	899
547	931
548	436
548	673
548	700
548	851
548	920
548	956
548	974
548	998
549	297
549	299
549	557
549	755
549	763
549	870
549	907
549	935
550	239
550	247
550	355
550	415
550	445
550	778
550	876
550	949
551	16
551	201
551	578
551	860
551	895
551	926
551	987
551	1000
552	502
552	569
552	642
552	702
552	811
552	881
552	895
552	949
553	78
553	110
553	359
553	416
553	786
553	892
553	939
553	975
554	780
554	807
554	822
554	826
554	873
554	893
554	978
554	989
555	56
555	184
555	491
555	501
555	634
555	857
555	932
555	990
556	142
556	184
556	418
556	452
556	518
556	640
556	780
556	936
557	549
557	668
557	736
557	763
557	864
557	870
557	889
557	907
558	500
558	580
558	795
558	816
558	884
558	897
558	902
558	924
558	971
559	358
559	593
559	628
559	747
559	810
559	909
559	923
559	938
559	960
560	43
560	68
560	324
560	346
560	578
560	613
560	626
560	646
560	1000
561	272
561	411
561	614
561	710
561	716
561	784
561	869
561	904
561	933
562	24
562	351
562	612
562	618
562	627
562	688
562	707
562	883
562	914
563	99
563	162
563	334
563	427
563	581
563	677
563	746
563	978
563	997
564	321
564	474
564	489
564	780
564	807
564	854
564	962
564	978
564	989
565	2
565	193
565	462
565	644
565	791
565	926
565	931
565	946
565	995
566	301
566	390
566	425
566	678
566	747
566	750
566	810
566	854
566	938
567	149
567	270
567	303
567	314
567	358
567	494
567	811
567	956
567	959
568	46
568	155
568	359
568	417
568	432
568	470
568	801
568	949
568	986
569	552
569	642
569	714
569	803
569	811
569	830
569	850
569	881
569	902
570	19
570	208
570	451
570	523
570	704
570	754
570	763
570	925
570	996
571	230
571	274
571	521
571	531
571	761
571	775
571	887
571	947
571	976
572	76
572	139
572	331
572	368
572	605
572	707
572	829
572	848
572	995
573	12
573	126
573	264
573	329
573	624
573	640
573	687
573	728
573	783
574	180
574	289
574	528
574	535
574	681
574	689
574	844
574	879
574	897
575	516
575	793
575	805
575	929
575	941
575	967
575	970
575	976
575	982
576	63
576	119
576	134
576	367
576	496
576	585
576	586
576	960
576	975
577	75
577	189
577	385
577	439
577	669
577	839
577	905
577	920
577	933
578	166
578	311
578	490
578	551
578	560
578	652
578	660
578	748
578	994
579	47
579	183
579	191
579	316
579	508
579	599
579	870
579	978
579	979
580	401
580	558
580	689
580	696
580	876
580	902
580	906
580	969
580	985
581	77
581	249
581	471
581	563
581	605
581	911
581	958
581	963
581	975
582	130
582	306
582	363
582	445
582	635
582	676
582	876
582	992
582	999
583	364
583	634
583	699
583	740
583	858
583	895
583	934
583	987
583	1000
584	333
584	381
584	413
584	472
584	519
584	793
584	799
584	813
584	981
585	32
585	119
585	268
585	374
585	576
585	747
585	924
585	939
585	1000
586	163
586	576
586	710
586	732
586	873
586	898
586	937
586	943
586	970
587	60
587	602
587	715
587	791
587	854
587	863
587	906
587	935
587	997
588	398
588	401
588	465
588	520
588	756
588	838
588	880
588	893
588	976
589	122
589	262
589	314
589	335
589	427
589	540
589	779
589	840
589	898
590	10
590	190
590	289
590	302
590	653
590	689
590	844
590	913
590	932
591	73
591	83
591	213
591	237
591	254
591	286
591	496
591	888
591	900
592	151
592	611
592	638
592	665
592	702
592	837
592	962
592	986
592	993
593	71
593	115
593	338
593	425
593	559
593	697
593	747
593	750
593	938
594	104
594	603
594	706
594	719
594	783
594	806
594	942
594	947
594	979
595	374
595	844
595	929
595	930
595	935
595	967
595	976
595	982
595	993
596	221
596	752
596	803
596	824
596	882
596	909
596	935
596	951
596	957
597	38
597	92
597	112
597	305
597	412
597	807
597	841
597	978
597	989
598	619
598	662
598	709
598	895
598	921
598	934
598	946
598	987
598	1000
599	4
599	47
599	64
599	138
599	191
599	497
599	579
599	691
599	982
600	175
600	455
600	528
600	653
600	689
600	733
600	744
600	813
600	844
601	229
601	239
601	313
601	433
601	608
601	797
601	877
601	919
601	966
602	314
602	405
602	587
602	701
602	725
602	739
602	801
602	894
602	975
603	128
603	335
603	507
603	594
603	779
603	799
603	920
603	925
603	994
604	233
604	651
604	698
604	900
604	935
604	946
604	984
604	996
604	997
605	510
605	572
605	581
605	725
605	801
605	917
605	940
605	943
605	975
606	455
606	523
606	782
606	847
606	890
606	926
606	934
606	987
606	1000
607	170
607	350
607	418
607	522
607	651
607	660
607	712
607	782
607	959
608	82
608	239
608	313
608	340
608	443
608	601
608	809
608	963
608	986
609	255
609	257
609	290
609	301
609	443
609	692
609	852
609	887
609	999
610	322
610	495
610	638
610	815
610	856
610	896
610	922
610	937
610	983
611	38
611	118
611	181
611	592
611	736
611	751
611	858
611	888
611	901
612	123
612	527
612	562
612	617
612	667
612	750
612	903
612	922
612	979
613	10
613	91
613	404
613	498
613	560
613	626
613	646
613	740
613	757
614	527
614	561
614	757
614	819
614	825
614	858
614	863
614	901
614	965
615	341
615	492
615	683
615	827
615	838
615	862
615	866
615	939
615	946
616	177
616	230
616	636
616	669
616	682
616	733
616	823
616	897
616	903
617	129
617	197
617	243
617	464
617	527
617	612
617	752
617	769
617	954
618	157
618	267
618	446
618	562
618	710
618	816
618	882
618	928
618	993
619	396
619	475
619	482
619	598
619	629
619	734
619	934
619	947
619	1000
620	199
620	358
620	730
620	756
620	776
620	899
620	915
620	917
620	992
621	160
621	505
621	652
621	676
621	807
621	842
621	844
621	846
621	980
622	169
622	330
622	422
622	442
622	755
622	794
622	868
622	884
622	899
622	970
623	376
623	705
623	706
623	754
623	857
623	915
623	917
623	945
623	968
623	990
624	11
624	45
624	81
624	223
624	573
624	780
624	783
624	938
624	980
624	999
625	73
625	514
625	678
625	680
625	713
625	717
625	731
625	816
625	932
625	953
626	10
626	314
626	399
626	520
626	560
626	613
626	646
626	818
626	864
626	985
627	311
627	541
627	562
627	670
627	692
627	707
627	753
627	865
627	914
627	969
628	179
628	369
628	559
628	642
628	711
628	811
628	842
628	848
628	881
628	941
629	270
629	619
629	643
629	675
629	837
629	854
629	926
629	930
629	987
629	1000
630	36
630	301
630	383
630	639
630	700
630	842
630	944
630	949
630	958
630	983
631	30
631	364
631	368
631	738
631	742
631	800
631	813
631	886
631	942
631	986
632	2
632	145
632	217
632	503
632	531
632	736
632	869
632	891
632	923
632	960
633	321
633	352
633	381
633	851
633	875
633	920
633	925
633	931
633	933
633	989
634	114
634	515
634	555
634	583
634	705
634	797
634	798
634	947
634	968
634	990
635	79
635	88
635	220
635	336
635	340
635	401
635	525
635	582
635	853
635	893
636	327
636	352
636	498
636	505
636	519
636	616
636	819
636	820
636	889
636	921
637	88
637	140
637	650
637	668
637	763
637	833
637	870
637	891
637	907
637	939
638	118
638	330
638	455
638	486
638	592
638	610
638	688
638	759
638	888
638	901
639	151
639	321
639	395
639	475
639	630
639	667
639	839
639	867
639	944
639	949
640	11
640	223
640	264
640	556
640	573
640	783
640	851
640	961
640	965
640	995
641	52
641	427
641	493
641	643
641	712
641	781
641	861
641	889
641	966
641	987
642	94
642	344
642	495
642	552
642	569
642	628
642	811
642	881
642	970
642	999
643	480
643	629
643	641
643	764
643	915
643	934
643	951
643	966
643	987
643	1000
644	565
644	687
644	758
644	847
644	948
644	952
644	969
644	977
644	990
644	999
645	1
645	132
645	351
645	504
645	856
645	897
645	905
645	927
645	971
645	982
646	124
646	141
646	297
646	314
646	560
646	613
646	626
646	761
646	848
646	974
647	165
647	268
647	310
647	450
647	493
647	805
647	832
647	910
647	914
647	970
648	117
648	307
648	821
648	835
648	848
648	861
648	957
648	972
648	995
648	996
649	113
649	158
649	207
649	266
649	465
649	695
649	739
649	748
649	825
649	916
650	307
650	397
650	637
650	711
650	788
650	874
650	963
650	967
650	985
650	988
651	170
651	281
651	323
651	466
651	522
651	604
651	607
651	838
651	882
651	984
652	166
652	311
652	423
652	578
652	621
652	660
652	751
652	779
652	829
652	885
653	270
653	364
653	450
653	590
653	600
653	689
653	778
653	844
653	897
653	950
654	103
654	285
654	537
654	676
654	806
654	838
654	846
654	932
654	942
654	980
655	44
655	62
655	462
655	672
655	900
655	909
655	946
655	959
655	984
655	997
656	113
656	675
656	793
656	839
656	851
656	853
656	908
656	946
656	956
656	981
657	8
657	22
657	432
657	821
657	835
657	902
657	913
657	972
657	995
657	996
658	116
658	204
658	284
658	334
658	347
658	693
658	729
658	765
658	929
658	945
659	295
659	437
659	475
659	700
659	704
659	811
659	926
659	934
659	944
659	949
660	272
660	311
660	317
660	423
660	449
660	503
660	578
660	607
660	652
660	896
661	331
661	349
661	357
661	378
661	727
661	741
661	760
661	820
661	854
661	908
662	95
662	459
662	598
662	671
662	688
662	747
662	750
662	810
662	938
662	984
663	12
663	34
663	153
663	209
663	528
663	694
663	784
663	794
663	883
663	962
664	54
664	160
664	201
664	276
664	294
664	326
664	357
664	379
664	532
664	899
665	330
665	372
665	472
665	592
665	704
665	837
665	888
665	902
665	915
665	966
666	253
666	341
666	426
666	723
666	791
666	884
666	900
666	906
666	954
666	984
667	36
667	432
667	478
667	612
667	639
667	833
667	836
667	935
667	944
667	949
667	950
668	98
668	126
668	284
668	450
668	557
668	637
668	763
668	870
668	890
668	907
668	987
669	9
669	194
669	392
669	519
669	577
669	616
669	681
669	682
669	823
669	840
669	869
670	21
670	345
670	377
670	422
670	428
670	627
670	711
670	773
670	833
670	839
670	906
671	46
671	121
671	163
671	526
671	662
671	715
671	718
671	798
671	852
671	887
671	958
672	322
672	328
672	434
672	655
672	684
672	726
672	788
672	815
672	928
672	961
672	993
673	142
673	251
673	309
673	342
673	357
673	512
673	548
673	803
673	804
673	817
673	966
674	170
674	235
674	375
674	701
674	745
674	786
674	855
674	871
674	878
674	941
674	968
675	53
675	508
675	509
675	629
675	656
675	725
675	727
675	788
675	802
675	919
675	975
676	164
676	187
676	226
676	398
676	533
676	582
676	621
676	654
676	773
676	846
676	980
677	521
677	563
677	756
677	796
677	847
677	886
677	896
677	907
677	918
677	948
677	999
678	566
678	625
678	703
678	758
678	790
678	792
678	911
678	950
678	953
678	963
678	996
679	188
679	219
679	712
679	746
679	754
679	771
679	781
679	834
679	912
679	978
679	985
680	272
680	371
680	424
680	463
680	490
680	625
680	865
680	871
680	878
680	916
680	949
681	9
681	230
681	514
681	574
681	669
681	682
681	840
681	868
681	902
681	976
681	984
682	9
682	224
682	254
682	523
682	616
682	669
682	681
682	733
682	823
682	839
682	987
683	176
683	277
683	531
683	615
683	758
683	848
683	849
683	860
683	940
683	958
683	998
684	388
684	448
684	467
684	541
684	672
684	714
684	775
684	823
684	878
684	980
684	993
685	148
685	199
685	206
685	493
685	701
685	727
685	871
685	878
685	900
685	927
685	941
686	58
686	375
686	444
686	471
686	759
686	768
686	906
686	911
686	914
686	955
686	968
687	94
687	522
687	573
687	644
687	699
687	842
687	877
687	947
687	964
687	969
687	990
688	24
688	244
688	454
688	562
688	638
688	662
688	692
688	809
688	838
688	849
688	914
689	15
689	175
689	211
689	289
689	574
689	580
689	590
689	600
689	653
689	777
689	952
690	51
690	251
690	400
690	743
690	835
690	883
690	909
690	939
690	951
690	954
690	957
691	59
691	91
691	152
691	323
691	378
691	396
691	501
691	509
691	599
691	965
691	995
692	100
692	194
692	486
692	609
692	627
692	688
692	753
692	825
692	893
692	914
692	984
693	225
693	395
693	658
693	750
693	808
693	862
693	882
693	928
693	950
693	975
693	993
694	12
694	34
694	146
694	153
694	209
694	401
694	474
694	663
694	743
694	955
694	984
695	136
695	184
695	242
695	295
695	649
695	824
695	867
695	873
695	930
695	948
695	952
696	294
696	414
696	580
696	722
696	786
696	865
696	913
696	920
696	959
696	979
696	995
697	9
697	144
697	191
697	234
697	247
697	506
697	593
697	891
697	895
697	903
697	960
698	65
698	172
698	397
698	476
698	604
698	880
698	900
698	931
698	946
698	954
698	984
699	188
699	583
699	687
699	744
699	794
699	833
699	947
699	964
699	968
699	990
699	995
700	23
700	127
700	139
700	291
700	397
700	548
700	630
700	659
700	913
700	944
700	949
701	298
701	439
701	602
701	674
701	685
701	804
701	851
701	871
701	894
701	927
701	941
702	210
702	552
702	592
702	704
702	715
702	748
702	769
702	791
702	837
702	888
702	965
703	237
703	318
703	678
703	795
703	805
703	832
703	840
703	917
703	937
703	970
703	981
704	570
704	659
704	665
704	702
704	715
704	744
704	824
704	901
704	908
704	946
704	978
705	107
705	367
705	385
705	402
705	623
705	634
705	886
705	888
705	947
705	964
705	990
706	4
706	158
706	217
706	543
706	594
706	623
706	718
706	723
706	727
706	813
706	951
707	204
707	370
707	454
707	562
707	572
707	627
707	750
707	753
707	827
707	914
707	948
708	198
708	424
708	431
708	490
708	525
708	720
708	736
708	899
708	916
708	956
708	961
709	392
709	485
709	493
709	598
709	733
709	734
709	760
709	845
709	853
709	863
709	936
710	157
710	272
710	275
710	381
710	561
710	586
710	618
710	716
710	869
710	930
710	941
711	25
711	167
711	337
711	422
711	628
711	650
711	670
711	748
711	773
711	833
711	850
712	144
712	183
712	607
712	641
712	679
712	715
712	770
712	834
712	861
712	881
712	966
713	232
713	327
713	361
713	492
713	513
713	625
713	737
713	746
713	797
713	858
713	938
714	388
714	474
714	477
714	569
714	684
714	841
714	885
714	891
714	928
714	993
714	997
715	131
715	544
715	587
715	671
715	702
715	704
715	712
715	819
715	858
715	901
715	965
716	67
716	77
716	109
716	303
716	304
716	368
716	561
716	710
716	810
716	869
716	928
717	446
717	625
717	751
717	759
717	791
717	816
717	874
717	919
717	944
717	950
717	978
718	217
718	340
718	363
718	543
718	671
718	706
718	723
718	727
718	865
719	126
719	361
719	543
719	594
719	749
719	755
719	804
719	877
719	922
719	942
719	979
720	6
720	22
720	308
720	504
720	536
720	708
720	756
720	831
720	872
720	937
720	943
721	154
721	364
721	405
721	843
721	847
721	886
721	904
721	948
721	952
721	977
721	999
722	80
722	696
722	785
722	820
722	829
722	847
722	866
722	959
722	963
722	995
722	996
723	61
723	96
723	138
723	547
723	666
723	706
723	718
723	931
723	933
723	953
723	984
723	997
724	74
724	313
724	370
724	527
724	748
724	834
724	863
724	877
724	922
724	942
724	954
724	979
725	99
725	133
725	213
725	507
725	602
725	605
725	675
725	802
725	945
725	955
725	973
725	986
726	27
726	387
726	446
726	520
726	524
726	672
726	729
726	788
726	847
726	896
726	987
726	993
727	4
727	158
727	217
727	495
727	543
727	661
727	675
727	685
727	706
727	718
727	872
727	912
728	28
728	504
728	573
728	780
728	815
728	896
728	910
728	936
728	952
728	971
728	983
728	999
729	7
729	66
729	97
729	339
729	347
729	658
729	726
729	757
729	792
729	818
729	951
729	980
730	106
730	133
730	620
730	741
730	775
730	776
730	812
730	814
730	897
730	915
730	917
730	937
731	8
731	495
731	529
731	625
731	815
731	830
731	856
731	899
731	910
731	951
731	966
731	983
732	63
732	177
732	253
732	382
732	467
732	487
732	586
732	890
732	904
732	905
732	926
732	965
733	197
733	414
733	445
733	514
733	600
733	616
733	682
733	709
733	749
733	755
733	823
733	840
734	218
734	485
734	513
734	619
734	709
734	845
734	853
734	854
734	886
734	893
734	918
734	936
735	50
735	277
735	294
735	369
735	771
735	905
735	924
735	945
735	947
735	964
735	968
735	990
736	211
736	486
736	544
736	557
736	611
736	632
736	708
736	749
736	857
736	865
736	916
736	961
737	70
737	104
737	174
737	264
737	283
737	339
737	409
737	460
737	479
737	507
737	713
737	751
738	30
738	86
738	214
738	368
738	429
738	631
738	764
738	800
738	927
738	937
738	960
738	987
739	113
739	165
739	263
739	374
739	386
739	429
739	602
739	649
739	748
739	766
739	825
739	950
740	92
740	583
740	613
740	853
740	872
740	895
740	920
740	926
740	934
740	970
740	987
740	1000
741	88
741	106
741	309
741	342
741	372
741	478
741	512
741	661
741	730
741	760
741	767
741	938
742	86
742	214
742	216
742	228
742	255
742	390
742	631
742	784
742	800
742	919
742	953
742	989
743	106
743	329
743	425
743	436
743	540
743	690
743	694
743	752
743	789
743	883
743	931
743	957
744	86
744	495
744	536
744	600
744	699
744	704
744	758
744	819
744	837
744	888
744	901
744	927
745	17
745	69
745	394
745	494
745	674
745	787
745	791
745	935
745	946
745	984
745	991
745	997
746	78
746	117
746	283
746	395
746	460
746	513
746	563
746	679
746	713
746	752
746	797
746	989
747	225
747	459
747	559
747	566
747	585
747	593
747	662
747	834
747	852
747	893
747	938
747	948
748	165
748	374
748	465
748	578
748	649
748	702
748	711
748	724
748	739
748	825
748	887
748	963
749	50
749	163
749	336
749	437
749	719
749	733
749	736
749	865
749	916
749	942
749	959
749	961
750	176
750	462
750	566
750	593
750	612
750	662
750	693
750	707
750	810
750	938
750	953
750	989
751	137
751	359
751	611
751	652
751	717
751	737
751	787
751	797
751	805
751	932
751	963
751	992
752	416
752	467
752	478
752	596
752	617
752	743
752	746
752	754
752	772
752	883
752	951
752	957
753	218
753	347
753	454
753	486
753	627
753	692
753	707
753	816
753	822
753	914
753	949
753	996
754	8
754	343
754	401
754	412
754	541
754	570
754	623
754	679
754	752
754	781
754	827
754	836
754	966
755	23
755	403
755	458
755	549
755	622
755	719
755	733
755	805
755	868
755	884
755	887
755	899
755	993
756	88
756	296
756	369
756	491
756	500
756	588
756	620
756	677
756	720
756	785
756	913
756	959
756	996
757	7
757	72
757	328
757	334
757	347
757	386
757	434
757	484
757	540
757	613
757	614
757	729
757	818
758	118
758	271
758	341
758	644
758	678
758	683
758	744
758	778
758	817
758	819
758	858
758	965
758	991
759	108
759	354
759	441
759	472
759	534
759	638
759	686
759	717
759	787
759	830
759	932
759	963
759	992
760	3
760	212
760	332
760	447
760	457
760	661
760	709
760	741
760	817
760	828
760	897
760	948
760	957
761	154
761	257
761	274
761	280
761	287
761	301
761	354
761	506
761	571
761	646
761	887
761	982
761	987
762	259
762	383
762	419
762	473
762	538
762	768
762	794
762	798
762	836
762	843
762	849
762	947
762	998
763	40
763	93
763	140
763	200
763	549
763	557
763	570
763	637
763	668
763	874
763	907
763	948
763	949
764	51
764	107
764	181
764	337
764	356
764	408
764	411
764	545
764	643
764	738
764	922
764	959
764	998
765	18
765	380
765	382
765	658
765	778
765	816
765	827
765	828
765	842
765	911
765	932
765	985
765	992
766	210
766	293
766	399
766	739
766	870
766	888
766	889
766	908
766	924
766	962
766	985
766	988
766	995
767	53
767	99
767	194
767	507
767	508
767	741
767	774
767	803
767	898
767	975
767	983
767	992
767	998
768	17
768	58
768	95
768	161
768	325
768	406
768	411
768	440
768	686
768	762
768	822
768	833
768	955
769	20
769	41
769	56
769	222
769	267
769	291
769	400
769	617
769	702
769	835
769	913
769	951
769	973
770	50
770	361
770	405
770	712
770	804
770	852
770	904
770	929
770	930
770	967
770	972
770	976
770	982
771	59
771	228
771	475
771	679
771	735
771	790
771	857
771	897
771	938
771	947
771	964
771	968
771	990
772	87
772	436
772	489
772	752
772	835
772	883
772	909
772	935
772	945
772	955
772	957
772	977
772	986
773	25
773	86
773	334
773	337
773	399
773	422
773	510
773	670
773	676
773	711
773	833
773	884
773	992
774	112
774	242
774	288
774	404
774	495
774	767
774	826
774	838
774	910
774	913
774	969
774	971
774	983
775	40
775	198
775	241
775	345
775	483
775	571
775	684
775	730
775	776
775	814
775	915
775	917
775	928
776	111
776	198
776	254
776	326
776	427
776	620
776	730
776	775
776	814
776	879
776	915
776	917
776	940
777	84
777	85
777	343
777	439
777	445
777	689
777	842
777	894
777	914
777	972
777	973
777	986
777	991
778	82
778	306
778	363
778	387
778	415
778	445
778	545
778	550
778	653
778	758
778	765
778	876
778	880
779	122
779	256
779	262
779	335
779	540
779	589
779	603
779	652
779	862
779	916
779	926
779	931
779	995
780	175
780	395
780	554
780	556
780	564
780	624
780	728
780	784
780	787
780	841
780	927
780	978
780	989
781	14
781	113
781	394
781	532
781	641
781	679
781	754
781	794
781	834
781	836
781	859
781	966
781	974
782	136
782	265
782	374
782	402
782	443
782	606
782	607
782	785
782	786
782	867
782	913
782	959
782	993
783	11
783	15
783	126
783	223
783	264
783	313
783	532
783	573
783	594
783	624
783	640
783	834
783	840
784	142
784	265
784	479
784	497
784	561
784	663
784	742
784	780
784	807
784	841
784	978
784	989
784	993
785	137
785	374
785	722
785	756
785	782
785	786
785	867
785	896
785	948
785	972
785	990
785	994
785	996
786	265
786	553
786	674
786	696
786	782
786	785
786	821
786	866
786	872
786	884
786	986
786	989
786	996
787	147
787	223
787	441
787	745
787	751
787	759
787	780
787	792
787	864
787	891
787	934
787	941
787	950
787	963
788	216
788	288
788	394
788	406
788	446
788	477
788	650
788	672
788	675
788	726
788	882
788	891
788	928
788	971
789	30
789	85
789	87
789	472
789	501
789	743
789	803
789	813
789	883
789	909
789	914
789	951
789	973
789	997
790	207
790	456
790	509
790	678
790	771
790	851
790	874
790	875
790	933
790	956
790	981
790	988
790	994
790	996
791	19
791	383
791	451
791	457
791	565
791	587
791	666
791	702
791	717
791	745
791	946
791	973
791	975
791	997
792	182
792	391
792	407
792	678
792	729
792	787
792	816
792	864
792	911
792	934
792	941
792	950
792	992
792	995
793	237
793	312
793	456
793	575
793	584
793	656
793	839
793	882
793	915
793	933
793	937
793	974
793	981
793	984
794	60
794	120
794	277
794	325
794	622
794	663
794	699
794	762
794	781
794	798
794	860
794	885
794	901
794	958
795	48
795	57
795	133
795	320
795	365
795	493
795	558
795	703
795	805
795	821
795	832
795	863
795	944
795	970
796	37
796	130
796	206
796	247
796	311
796	506
796	677
796	847
796	856
796	918
796	921
796	977
796	999
796	1000
797	174
797	232
797	460
797	479
797	507
797	512
797	513
797	601
797	634
797	713
797	746
797	751
797	909
797	976
798	249
798	344
798	453
798	464
798	526
798	634
798	671
798	762
798	794
798	849
798	883
798	897
798	958
798	976
799	28
799	121
799	373
799	436
799	523
799	584
799	603
799	813
799	855
799	877
799	925
799	933
799	956
799	995
800	5
800	214
800	216
800	249
800	255
800	368
800	631
800	738
800	742
800	829
800	871
800	891
800	940
800	966
801	53
801	162
801	382
801	540
801	568
801	602
801	605
801	803
801	817
801	903
801	921
801	975
801	983
801	988
802	33
802	95
802	162
802	249
802	296
802	302
802	508
802	675
802	725
802	919
802	924
802	927
802	958
802	992
803	82
803	182
803	213
803	249
803	427
803	569
803	596
803	673
803	767
803	789
803	801
803	828
803	923
803	975
804	345
804	673
804	701
804	719
804	770
804	825
804	859
804	929
804	930
804	943
804	967
804	976
804	982
804	992
805	16
805	336
805	408
805	469
805	575
805	647
805	703
805	751
805	755
805	795
805	832
805	873
805	970
805	977
806	362
806	525
806	527
806	535
806	594
806	654
806	841
806	850
806	877
806	894
806	916
806	954
806	977
806	979
807	69
807	285
807	306
807	432
807	508
807	554
807	564
807	597
807	621
807	784
807	809
807	841
807	978
807	989
808	27
808	257
808	278
808	299
808	410
808	477
808	693
808	882
808	928
808	953
808	958
808	961
808	973
808	993
809	37
809	156
809	305
809	391
809	608
809	688
809	807
809	820
809	879
809	889
809	892
809	925
809	940
809	968
810	140
810	425
810	459
810	537
810	559
810	566
810	662
810	716
810	750
810	866
810	877
810	879
810	892
810	938
811	148
811	194
811	369
811	441
811	511
811	552
811	567
811	569
811	628
811	642
811	659
811	881
811	973
811	980
811	981
812	48
812	84
812	161
812	246
812	273
812	411
812	440
812	471
812	535
812	730
812	822
812	834
812	866
812	955
812	956
813	373
813	584
813	600
813	631
813	706
813	789
813	799
813	823
813	851
813	920
813	951
813	974
813	978
813	981
813	990
814	189
814	206
814	319
814	402
814	435
814	529
814	730
814	775
814	776
814	881
814	909
814	915
814	917
814	979
814	991
815	16
815	333
815	433
815	610
815	672
815	728
815	731
815	871
815	896
815	902
815	910
815	923
815	960
815	964
815	983
816	34
816	351
816	376
816	415
816	423
816	558
816	618
816	625
816	717
816	753
816	765
816	792
816	911
816	923
816	924
817	234
817	303
817	331
817	370
817	460
817	483
817	512
817	673
817	758
817	760
817	801
817	854
817	951
817	954
817	961
818	23
818	66
818	136
818	204
818	284
818	328
818	334
818	470
818	626
818	729
818	757
818	962
818	976
818	988
818	991
819	240
819	341
819	447
819	614
819	636
819	715
819	744
819	758
819	826
819	862
819	888
819	901
819	913
819	939
819	965
820	27
820	114
820	315
820	411
820	449
820	498
820	636
820	661
820	722
820	809
820	940
820	941
820	965
820	978
820	995
821	5
821	648
821	657
821	786
821	795
821	824
821	827
821	847
821	867
821	929
821	939
821	968
821	972
821	995
821	996
822	273
822	278
822	279
822	343
822	355
822	365
822	375
822	444
822	554
822	753
822	768
822	812
822	954
822	955
822	970
823	56
823	353
823	472
823	481
823	514
823	545
823	616
823	669
823	682
823	684
823	733
823	813
823	840
823	934
823	978
824	347
824	429
824	489
824	596
824	695
824	704
824	821
824	877
824	919
824	921
824	948
824	952
824	977
824	981
824	999
825	113
825	165
825	374
825	465
825	614
825	649
825	692
825	739
825	748
825	804
825	830
825	854
825	902
825	931
825	991
826	21
826	195
826	273
826	282
826	495
826	529
826	554
826	774
826	819
826	847
826	896
826	910
826	918
826	957
826	971
827	89
827	190
827	250
827	487
827	489
827	492
827	615
827	707
827	754
827	765
827	821
827	862
827	866
827	884
827	901
828	65
828	186
828	204
828	212
828	332
828	360
828	498
828	521
828	760
828	765
828	803
828	854
828	867
828	869
828	996
829	195
829	226
829	350
829	353
829	572
829	652
829	722
829	800
829	867
829	882
829	962
829	964
829	972
829	995
829	996
830	39
830	83
830	172
830	316
830	459
830	569
830	731
830	759
830	825
830	897
830	908
830	911
830	969
830	980
830	985
831	97
831	146
831	200
831	259
831	287
831	295
831	384
831	479
831	515
831	720
831	898
831	905
831	937
831	943
831	982
832	10
832	145
832	207
832	310
832	318
832	493
832	647
832	703
832	795
832	805
832	853
832	882
832	939
832	970
832	1000
833	25
833	76
833	305
833	337
833	345
833	422
833	637
833	667
833	670
833	699
833	711
833	768
833	773
833	841
833	928
834	243
834	444
834	451
834	458
834	679
834	712
834	724
834	747
834	781
834	783
834	812
834	836
834	845
834	861
834	966
835	436
835	440
835	450
835	501
835	648
835	657
835	690
835	769
835	772
835	851
835	858
835	883
835	937
835	951
835	957
836	62
836	115
836	192
836	444
836	523
836	667
836	754
836	762
836	781
836	834
836	853
836	861
836	913
836	966
836	991
837	29
837	199
837	204
837	315
837	440
837	517
837	592
837	629
837	665
837	702
837	744
837	858
837	888
837	901
837	965
838	280
838	401
838	407
838	504
838	520
838	525
838	588
838	615
838	651
838	654
838	688
838	774
838	880
838	893
838	968
839	352
839	358
839	577
839	639
839	656
839	670
839	682
839	793
839	848
839	925
839	941
839	974
839	981
839	989
839	994
840	49
840	56
840	197
840	277
840	326
840	407
840	514
840	589
840	669
840	681
840	703
840	733
840	783
840	823
840	855
841	75
841	124
841	414
841	432
841	497
841	597
841	714
841	780
841	784
841	806
841	807
841	833
841	961
841	978
841	989
842	8
842	80
842	292
842	308
842	621
842	628
842	630
842	687
842	765
842	777
842	894
842	941
842	948
842	973
842	986
843	22
843	88
843	179
843	195
843	296
843	721
843	762
843	848
843	852
843	898
843	959
843	972
843	990
843	995
843	996
844	116
844	180
844	312
844	364
844	501
844	528
844	574
844	590
844	595
844	600
844	621
844	653
844	909
844	911
844	950
845	45
845	74
845	105
845	262
845	276
845	285
845	420
845	434
845	520
845	709
845	734
845	834
845	846
845	933
845	936
846	26
846	169
846	263
846	285
846	328
846	344
846	505
846	537
846	621
846	654
846	676
846	845
846	913
846	945
846	980
847	388
847	606
847	644
847	677
847	721
847	722
847	726
847	796
847	821
847	826
847	919
847	921
847	952
847	959
847	977
848	139
848	302
848	320
848	349
848	572
848	628
848	646
848	648
848	683
848	839
848	843
848	925
848	940
848	959
848	972
849	120
849	384
849	434
849	488
849	683
849	688
849	762
849	798
849	860
849	885
849	929
849	964
849	972
849	986
849	998
850	49
850	129
850	228
850	318
850	410
850	569
850	711
850	806
850	877
850	880
850	929
850	942
850	954
850	979
850	994
851	20
851	548
851	633
851	640
851	656
851	701
851	790
851	813
851	835
851	875
851	882
851	883
851	932
851	974
851	976
851	994
852	178
852	276
852	435
852	526
852	534
852	609
852	671
852	747
852	770
852	843
852	860
852	885
852	907
852	958
852	997
852	998
853	45
853	233
853	392
853	420
853	485
853	635
853	656
853	709
853	734
853	740
853	832
853	836
853	936
853	955
853	963
853	968
854	65
854	131
854	147
854	258
854	273
854	483
854	564
854	566
854	587
854	629
854	661
854	734
854	817
854	825
854	828
854	896
855	3
855	235
855	245
855	505
855	674
855	799
855	840
855	864
855	867
855	871
855	878
855	912
855	927
855	931
855	933
855	941
856	220
856	237
856	333
856	391
856	610
856	645
856	731
856	796
856	863
856	895
856	896
856	912
856	934
856	971
856	983
856	985
857	73
857	134
857	183
857	202
857	312
857	380
857	555
857	623
857	736
857	771
857	858
857	920
857	945
857	964
857	968
857	990
858	317
858	494
858	527
858	583
858	611
858	614
858	713
858	715
858	758
858	835
858	837
858	857
858	888
858	907
858	965
858	997
859	320
859	350
859	365
859	448
859	542
859	781
859	804
859	913
859	919
859	929
859	930
859	967
859	976
859	982
859	988
859	998
860	111
860	483
860	551
860	683
860	794
860	849
860	852
860	867
860	868
860	870
860	885
860	907
860	918
860	958
860	979
860	998
861	6
861	38
861	62
861	110
861	168
861	304
861	360
861	528
861	641
861	648
861	712
861	834
861	836
861	905
861	938
861	966
862	21
862	89
862	171
862	250
862	280
862	412
862	489
862	492
862	529
862	545
862	615
862	693
862	779
862	819
862	827
862	866
863	143
863	436
863	476
863	547
863	587
863	614
863	709
863	724
863	795
863	856
863	865
863	900
863	935
863	946
863	984
863	997
864	13
864	251
864	380
864	400
864	508
864	531
864	557
864	626
864	787
864	792
864	855
864	879
864	932
864	950
864	953
864	964
865	23
865	97
865	220
865	437
865	627
865	680
865	696
865	718
865	736
865	749
865	863
865	890
865	902
865	916
865	921
865	961
865	1000
866	89
866	171
866	212
866	250
866	332
866	372
866	489
866	492
866	615
866	722
866	786
866	810
866	812
866	827
866	862
866	988
866	995
867	26
867	152
867	349
867	430
867	523
867	639
867	695
867	782
867	785
867	821
867	828
867	829
867	855
867	860
867	883
867	995
867	996
868	53
868	90
868	241
868	310
868	362
868	403
868	442
868	458
868	460
868	516
868	622
868	681
868	755
868	860
868	882
868	884
868	973
869	67
869	109
869	157
869	178
869	268
869	272
869	354
869	396
869	411
869	561
869	632
869	669
869	710
869	716
869	828
869	942
869	984
870	72
870	93
870	98
870	199
870	549
870	557
870	579
870	637
870	668
870	766
870	860
870	881
870	887
870	907
870	910
870	921
870	977
871	245
871	366
871	388
871	473
871	491
871	674
871	680
871	685
871	701
871	800
871	815
871	855
871	878
871	927
871	941
871	943
871	957
872	6
872	185
872	248
872	259
872	272
872	307
872	325
872	514
872	720
872	727
872	740
872	786
872	873
872	892
872	898
872	937
872	943
873	219
873	287
873	446
873	455
873	511
873	554
873	586
873	695
873	805
873	872
873	892
873	898
873	906
873	937
873	943
873	979
873	989
874	55
874	250
874	361
874	397
874	416
874	530
874	650
874	717
874	763
874	790
874	895
874	908
874	962
874	969
874	977
874	985
874	988
875	144
875	216
875	335
875	373
875	390
875	468
875	633
875	790
875	851
875	903
875	933
875	971
875	974
875	981
875	994
875	997
875	1000
876	26
876	72
876	87
876	306
876	363
876	387
876	415
876	445
876	448
876	550
876	580
876	582
876	778
876	900
876	949
876	969
876	993
877	390
877	536
877	601
877	687
877	719
877	724
877	799
877	806
877	810
877	824
877	850
877	905
877	922
877	942
877	954
877	988
877	997
878	15
878	132
878	169
878	422
878	478
878	674
878	680
878	684
878	685
878	855
878	871
878	912
878	927
878	935
878	941
878	947
878	992
879	156
879	300
879	315
879	318
879	352
879	449
879	498
879	519
879	540
879	574
879	776
879	809
879	810
879	864
879	889
879	925
879	940
879	954
880	203
880	261
880	274
880	340
880	401
880	407
880	426
880	520
880	525
880	588
880	698
880	778
880	838
880	850
880	893
880	904
880	929
880	936
881	85
881	135
881	148
881	179
881	248
881	296
881	369
881	373
881	423
881	552
881	569
881	628
881	642
881	712
881	811
881	814
881	870
881	982
882	27
882	281
882	317
882	474
882	524
882	596
882	618
882	651
882	693
882	788
882	793
882	808
882	829
882	832
882	851
882	868
882	928
882	993
883	87
883	119
883	192
883	452
883	514
883	522
883	562
883	663
883	690
883	743
883	752
883	772
883	789
883	798
883	835
883	851
883	867
883	951
884	241
884	246
884	362
884	403
884	442
884	500
884	558
884	622
884	666
884	755
884	773
884	786
884	827
884	868
884	899
884	935
884	974
884	975
885	76
885	107
885	178
885	198
885	344
885	457
885	652
885	714
885	794
885	849
885	852
885	860
885	912
885	950
885	958
885	959
885	966
885	998
886	63
886	172
886	242
886	462
886	491
886	542
886	631
886	677
886	705
886	721
886	734
886	918
886	919
886	948
886	952
886	977
886	997
886	999
887	154
887	257
887	301
887	354
887	443
887	485
887	521
887	571
887	609
887	671
887	748
887	755
887	761
887	870
887	904
887	972
887	982
887	1000
888	66
888	153
888	157
888	277
888	497
888	591
888	611
888	638
888	665
888	702
888	705
888	744
888	766
888	819
888	837
888	858
888	924
888	965
889	37
889	54
889	166
889	252
889	305
889	315
889	449
889	519
889	557
889	636
889	641
889	766
889	809
889	879
889	907
889	940
889	948
889	960
890	90
890	177
890	300
890	435
890	453
890	467
890	487
890	503
890	606
890	668
890	732
890	865
890	904
890	905
890	946
890	970
890	979
890	999
891	159
891	253
891	279
891	289
891	481
891	503
891	531
891	536
891	632
891	637
891	697
891	714
891	787
891	788
891	800
891	903
891	930
891	960
892	146
892	200
892	287
892	413
892	511
892	553
892	809
892	810
892	872
892	873
892	898
892	911
892	927
892	937
892	943
892	978
892	987
892	989
893	72
893	79
893	261
893	306
893	340
893	378
893	407
893	476
893	525
893	554
893	588
893	635
893	692
893	734
893	747
893	838
893	880
893	979
894	75
894	419
894	421
894	428
894	502
894	602
894	701
894	777
894	806
894	842
894	930
894	940
894	963
894	971
894	973
894	986
894	991
894	998
895	185
895	209
895	438
895	480
895	495
895	496
895	551
895	552
895	583
895	598
895	697
895	740
895	856
895	874
895	934
895	957
895	987
895	1000
896	282
896	464
896	479
896	504
896	546
896	610
896	660
896	677
896	726
896	728
896	785
896	815
896	826
896	854
896	856
896	923
896	956
896	972
896	983
897	83
897	100
897	292
897	399
897	558
897	574
897	616
897	645
897	653
897	730
897	760
897	771
897	798
897	830
897	902
897	908
897	924
897	985
897	988
898	70
898	235
898	242
898	329
898	442
898	491
898	511
898	586
898	589
898	767
898	831
898	843
898	872
898	873
898	892
898	923
898	937
898	943
898	965
899	23
899	241
899	246
899	294
899	362
899	403
899	458
899	546
899	547
899	620
899	622
899	664
899	708
899	731
899	755
899	884
899	908
899	959
899	997
900	112
900	329
900	591
900	604
900	655
900	666
900	685
900	698
900	863
900	876
900	928
900	931
900	935
900	946
900	977
900	984
900	987
900	997
900	999
901	129
901	156
901	285
901	317
901	409
901	471
901	611
901	614
901	638
901	704
901	715
901	744
901	794
901	819
901	827
901	837
901	912
901	965
901	983
902	205
902	307
902	399
902	509
902	538
902	558
902	569
902	580
902	657
902	665
902	681
902	815
902	825
902	865
902	897
902	962
902	969
902	985
902	988
903	3
903	58
903	279
903	402
903	484
903	503
903	506
903	531
903	546
903	612
903	616
903	697
903	801
903	875
903	891
903	919
903	943
903	960
903	975
904	52
904	231
904	290
904	381
904	453
904	467
904	476
904	487
904	538
904	561
904	721
904	732
904	770
904	880
904	887
904	890
904	905
904	911
904	965
905	60
905	90
905	109
905	231
905	290
905	300
905	381
905	487
905	577
905	645
905	732
905	735
905	831
905	861
905	877
905	890
905	904
905	908
905	971
906	1
906	61
906	110
906	169
906	457
906	462
906	580
906	587
906	666
906	670
906	686
906	873
906	931
906	934
906	935
906	984
906	992
906	995
906	997
907	72
907	93
907	98
907	134
907	140
907	349
907	549
907	557
907	637
907	668
907	677
907	763
907	852
907	858
907	860
907	870
907	889
907	950
907	972
908	52
908	102
908	227
908	317
908	345
908	656
908	661
908	704
908	766
908	830
908	874
908	897
908	899
908	905
908	924
908	962
908	969
908	985
908	988
909	221
909	274
909	300
909	396
909	447
909	482
909	559
909	596
909	655
909	690
909	772
909	789
909	797
909	814
909	844
909	943
909	951
909	957
909	996
910	232
910	302
910	389
910	391
910	439
910	529
910	647
910	728
910	731
910	774
910	815
910	826
910	870
910	911
910	915
910	947
910	971
910	988
910	1000
911	18
911	70
911	223
911	341
911	581
911	678
911	686
911	765
911	792
911	816
911	830
911	844
911	892
911	904
911	910
911	915
911	923
911	953
911	992
912	169
912	196
912	199
912	235
912	366
912	422
912	439
912	480
912	679
912	727
912	855
912	856
912	878
912	885
912	901
912	927
912	938
912	941
912	948
912	981
913	138
913	265
913	338
913	478
913	590
913	657
913	696
913	700
913	756
913	769
913	774
913	782
913	819
913	836
913	846
913	859
913	917
913	972
913	995
913	996
914	24
914	92
914	98
914	261
914	325
914	437
914	454
914	486
914	562
914	627
914	647
914	686
914	688
914	692
914	707
914	753
914	777
914	789
914	921
914	925
915	77
915	79
915	189
915	206
915	385
915	435
915	620
915	623
915	643
915	665
915	730
915	775
915	776
915	793
915	814
915	910
915	911
915	917
915	950
915	979
916	84
916	253
916	403
916	424
916	454
916	463
916	490
916	521
916	544
916	649
916	680
916	708
916	736
916	749
916	779
916	806
916	865
916	935
916	946
916	961
917	53
917	77
917	189
917	206
917	287
917	365
917	430
917	435
917	605
917	620
917	623
917	703
917	730
917	775
917	776
917	814
917	913
917	915
917	923
917	960
918	152
918	227
918	242
918	413
918	417
918	475
918	511
918	677
918	734
918	796
918	826
918	860
918	886
918	919
918	947
918	948
918	952
918	972
918	977
918	999
919	269
919	354
919	355
919	450
919	601
919	675
919	717
919	742
919	802
919	824
919	847
919	859
919	886
919	903
919	918
919	921
919	936
919	948
919	977
919	999
920	68
920	133
920	250
920	275
920	371
920	510
920	539
920	548
920	577
920	603
920	633
920	696
920	740
920	813
920	857
920	933
920	956
920	974
920	990
920	994
921	35
921	135
921	143
921	227
921	230
921	269
921	598
921	636
921	796
921	801
921	824
921	847
921	865
921	870
921	914
921	919
921	922
921	952
921	977
921	999
922	1
922	89
922	100
922	123
922	361
922	380
922	390
922	410
922	536
922	610
922	612
922	719
922	724
922	764
922	877
922	921
922	932
922	949
922	954
922	963
922	985
923	13
923	18
923	143
923	281
923	348
923	380
923	472
923	559
923	632
923	803
923	815
923	816
923	896
923	898
923	911
923	917
923	931
923	932
923	950
923	953
923	963
924	102
924	267
924	316
924	330
924	346
924	500
924	530
924	558
924	585
924	735
924	766
924	802
924	816
924	888
924	897
924	908
924	958
924	960
924	969
924	985
924	988
925	102
925	231
925	322
925	371
925	379
925	409
925	426
925	570
925	603
925	633
925	799
925	809
925	839
925	848
925	879
925	914
925	933
925	974
925	976
925	981
925	994
926	40
926	57
926	64
926	129
926	141
926	196
926	236
926	256
926	551
926	565
926	606
926	629
926	659
926	732
926	740
926	779
926	934
926	945
926	980
926	987
926	1000
927	3
927	196
927	366
927	537
927	645
927	685
927	701
927	738
927	744
927	780
927	802
927	855
927	871
927	878
927	892
927	912
927	941
927	955
927	974
927	992
927	998
928	67
928	85
928	322
928	362
928	395
928	524
928	618
928	672
928	693
928	714
928	716
928	775
928	788
928	808
928	833
928	882
928	900
928	952
928	965
928	993
928	997
929	310
929	331
929	377
929	575
929	595
929	658
929	770
929	804
929	821
929	849
929	850
929	859
929	880
929	930
929	942
929	958
929	963
929	967
929	971
929	976
929	982
930	190
930	310
930	353
930	458
930	517
930	533
930	595
930	629
930	695
930	710
930	770
930	804
930	859
930	891
930	894
930	929
930	955
930	967
930	976
930	981
930	982
931	161
931	386
931	443
931	456
931	547
931	565
931	633
931	698
931	723
931	743
931	779
931	825
931	855
931	900
931	906
931	923
931	935
931	946
931	952
931	953
931	984
931	997
932	105
932	176
932	209
932	251
932	376
932	435
932	517
932	555
932	590
932	625
932	654
932	751
932	759
932	765
932	851
932	864
932	922
932	923
932	950
932	953
932	963
932	994
933	7
933	180
933	185
933	233
933	409
933	519
933	561
933	577
933	633
933	723
933	790
933	793
933	799
933	845
933	855
933	875
933	920
933	925
933	942
933	979
933	981
933	994
934	30
934	159
934	404
934	480
934	583
934	598
934	606
934	619
934	643
934	659
934	740
934	787
934	792
934	823
934	856
934	895
934	906
934	926
934	962
934	967
934	987
934	1000
935	124
935	244
935	460
935	476
935	549
935	587
935	595
935	596
935	604
935	667
935	745
935	772
935	863
935	878
935	884
935	900
935	906
935	916
935	931
935	946
935	984
935	992
936	45
936	74
936	105
936	218
936	233
936	276
936	360
936	392
936	420
936	441
936	453
936	556
936	709
936	728
936	734
936	845
936	853
936	880
936	919
936	967
936	985
936	1000
937	246
937	259
937	269
937	329
937	494
937	511
937	586
937	610
937	703
937	720
937	730
937	738
937	793
937	831
937	835
937	872
937	873
937	892
937	898
937	943
937	978
937	987
938	115
938	176
938	214
938	393
938	423
938	425
938	459
938	518
938	559
938	566
938	593
938	624
938	662
938	713
938	741
938	747
938	750
938	771
938	810
938	861
938	912
938	999
939	64
939	101
939	110
939	132
939	202
939	205
939	208
939	234
939	275
939	359
939	416
939	487
939	553
939	585
939	615
939	637
939	690
939	819
939	821
939	832
939	955
939	981
940	114
940	156
940	186
940	305
940	315
940	352
940	357
940	449
940	483
940	498
940	519
940	605
940	683
940	776
940	800
940	809
940	820
940	848
940	879
940	889
940	894
940	978
940	987
941	15
941	43
941	74
941	245
941	403
941	439
941	483
941	575
941	628
941	674
941	685
941	701
941	710
941	787
941	792
941	820
941	839
941	842
941	855
941	871
941	878
941	912
941	927
942	104
942	180
942	226
942	266
942	360
942	361
942	410
942	421
942	535
942	594
942	631
942	654
942	719
942	724
942	749
942	850
942	869
942	877
942	929
942	933
942	954
942	964
942	979
943	148
943	149
943	173
943	200
943	329
943	423
943	455
943	586
943	605
943	720
943	804
943	831
943	871
943	872
943	873
943	892
943	898
943	903
943	909
943	937
943	953
943	954
943	984
944	46
944	101
944	283
944	295
944	297
944	309
944	432
944	475
944	477
944	478
944	500
944	534
944	630
944	639
944	659
944	667
944	700
944	717
944	795
944	949
944	954
944	965
944	991
945	21
945	51
945	111
945	147
945	228
945	312
945	367
945	488
945	491
945	543
945	623
945	658
945	725
945	735
945	772
945	846
945	857
945	926
945	947
945	964
945	968
945	990
945	997
946	103
946	117
946	271
946	336
946	371
946	468
946	488
946	565
946	598
946	604
946	615
946	655
946	656
946	698
946	704
946	745
946	791
946	863
946	890
946	900
946	916
946	931
946	935
947	78
947	210
947	304
947	319
947	433
947	488
947	571
947	594
947	619
947	634
947	687
947	699
947	705
947	735
947	762
947	771
947	878
947	910
947	918
947	945
947	963
947	964
947	968
947	990
948	81
948	143
948	267
948	644
948	677
948	695
948	707
948	721
948	747
948	760
948	763
948	785
948	824
948	842
948	886
948	889
948	912
948	918
948	919
948	949
948	952
948	977
948	987
948	999
949	46
949	155
949	295
949	417
949	430
949	432
949	502
949	550
949	552
949	568
949	630
949	639
949	659
949	667
949	680
949	700
949	753
949	763
949	876
949	922
949	944
949	948
949	981
949	990
950	95
950	137
950	209
950	380
950	406
950	653
950	667
950	678
950	693
950	717
950	739
950	787
950	792
950	844
950	864
950	885
950	907
950	915
950	923
950	932
950	953
950	956
950	963
950	992
951	164
951	173
951	189
951	192
951	222
951	346
951	447
951	482
951	596
951	643
951	690
951	706
951	729
951	731
951	752
951	769
951	789
951	813
951	817
951	835
951	883
951	909
951	953
951	956
952	94
952	117
952	193
952	227
952	263
952	450
952	458
952	481
952	496
952	518
952	644
952	689
952	695
952	721
952	728
952	824
952	847
952	886
952	918
952	921
952	928
952	931
952	948
952	977
953	57
953	70
953	131
953	315
953	348
953	446
953	465
953	499
953	625
953	678
953	723
953	742
953	750
953	808
953	864
953	911
953	923
953	931
953	932
953	943
953	950
953	951
953	963
953	992
954	35
954	49
954	260
954	376
954	410
954	448
954	536
954	617
954	666
954	690
954	698
954	724
954	806
954	817
954	822
954	850
954	877
954	879
954	922
954	942
954	943
954	944
954	975
954	979
955	17
955	29
955	84
955	161
955	222
955	355
955	365
955	375
955	379
955	438
955	440
955	469
955	471
955	686
955	694
955	725
955	768
955	772
955	812
955	822
955	853
955	927
955	930
955	939
956	44
956	239
956	385
956	409
956	413
956	442
956	456
956	470
956	544
956	548
956	567
956	656
956	708
956	790
956	799
956	812
956	896
956	920
956	950
956	951
956	970
956	974
956	981
956	994
957	37
957	173
957	221
957	281
957	362
957	387
957	408
957	417
957	447
957	482
957	483
957	501
957	596
957	648
957	690
957	743
957	752
957	760
957	772
957	826
957	835
957	871
957	895
957	909
958	84
958	288
958	326
958	344
958	383
958	425
958	473
958	534
958	581
958	630
958	671
958	683
958	794
958	798
958	802
958	808
958	852
958	860
958	885
958	924
958	929
958	974
958	992
958	998
959	18
959	26
959	136
959	296
959	453
959	500
959	567
959	607
959	655
959	696
959	722
959	749
959	756
959	764
959	782
959	843
959	847
959	848
959	885
959	899
959	972
959	981
959	995
959	996
959	997
960	144
960	168
960	247
960	253
960	264
960	411
960	433
960	481
960	484
960	503
960	506
960	531
960	559
960	576
960	632
960	697
960	738
960	815
960	889
960	891
960	903
960	917
960	924
960	967
960	971
961	25
961	97
961	198
961	220
961	261
961	330
961	372
961	388
961	397
961	424
961	437
961	463
961	490
961	535
961	544
961	640
961	672
961	708
961	736
961	749
961	808
961	817
961	841
961	865
961	916
962	20
962	29
962	33
962	102
962	307
962	316
962	421
962	461
962	468
962	470
962	500
962	538
962	564
962	592
962	663
962	766
962	818
962	829
962	874
962	902
962	908
962	934
962	968
962	969
962	988
963	376
963	441
963	499
963	525
963	581
963	608
963	650
963	678
963	722
963	748
963	751
963	759
963	787
963	853
963	894
963	922
963	923
963	929
963	932
963	947
963	950
963	953
963	986
963	990
963	992
964	71
964	94
964	188
964	312
964	387
964	488
964	510
964	530
964	687
964	699
964	705
964	735
964	771
964	815
964	829
964	849
964	857
964	864
964	942
964	945
964	947
964	977
964	991
964	995
964	997
965	119
965	250
965	317
965	330
965	341
965	458
965	518
965	531
965	614
965	640
965	691
965	702
965	715
965	732
965	758
965	819
965	820
965	837
965	858
965	888
965	898
965	901
965	904
965	928
965	944
966	1
966	19
966	31
966	219
966	234
966	332
966	412
966	437
966	444
966	451
966	601
966	641
966	643
966	665
966	673
966	712
966	731
966	754
966	781
966	800
966	834
966	836
966	861
966	885
966	975
967	79
967	129
967	139
967	203
967	320
967	377
967	391
967	407
967	511
967	517
967	542
967	575
967	595
967	650
967	770
967	804
967	859
967	929
967	930
967	934
967	936
967	960
967	976
967	982
967	985
968	11
968	71
968	149
968	153
968	287
968	319
968	367
968	491
968	623
968	634
968	674
968	686
968	699
968	735
968	771
968	809
968	821
968	838
968	853
968	857
968	945
968	947
968	962
968	974
968	994
969	6
969	141
969	168
969	219
969	379
969	399
969	477
969	530
969	538
969	544
969	580
969	627
969	644
969	687
969	774
969	830
969	874
969	876
969	902
969	908
969	924
969	962
969	985
969	988
969	994
970	16
970	46
970	48
970	118
970	133
970	207
970	310
970	318
970	336
970	479
970	493
970	575
970	586
970	622
970	642
970	647
970	703
970	740
970	795
970	805
970	822
970	832
970	890
970	956
970	974
970	995
971	81
971	219
971	302
971	309
971	333
971	351
971	389
971	414
971	438
971	464
971	511
971	558
971	645
971	728
971	774
971	788
971	826
971	856
971	875
971	894
971	905
971	910
971	929
971	960
971	983
971	991
972	125
972	136
972	139
972	225
972	226
972	338
972	353
972	364
972	366
972	474
972	648
972	657
972	770
972	777
972	785
972	821
972	829
972	843
972	848
972	849
972	887
972	896
972	907
972	913
972	918
972	959
973	43
973	75
973	80
973	109
973	128
973	187
973	243
973	248
973	343
973	383
973	396
973	428
973	725
973	769
973	777
973	789
973	791
973	808
973	811
973	842
973	868
973	894
973	983
973	985
973	986
973	991
974	151
974	231
974	301
974	347
974	371
974	409
974	452
974	456
974	548
974	646
974	781
974	793
974	813
974	839
974	851
974	875
974	884
974	920
974	925
974	927
974	956
974	958
974	968
974	970
974	994
974	998
975	207
975	210
975	213
975	215
975	279
975	293
975	328
975	356
975	382
975	405
975	509
975	553
975	576
975	581
975	602
975	605
975	675
975	693
975	767
975	791
975	801
975	803
975	884
975	903
975	954
975	966
976	190
976	220
976	333
976	377
976	393
976	465
976	517
976	542
976	571
976	575
976	588
976	595
976	681
976	770
976	797
976	798
976	804
976	818
976	851
976	859
976	925
976	929
976	930
976	967
976	982
976	996
976	999
977	87
977	270
977	352
977	429
977	459
977	526
977	542
977	644
977	721
977	772
977	796
977	805
977	806
977	824
977	847
977	870
977	874
977	886
977	900
977	918
977	919
977	921
977	948
977	952
977	964
977	986
977	999
978	92
978	103
978	124
978	167
978	211
978	342
978	484
978	497
978	554
978	563
978	564
978	579
978	597
978	679
978	704
978	717
978	780
978	784
978	807
978	813
978	820
978	823
978	841
978	892
978	937
978	940
978	989
979	35
979	104
979	123
979	205
979	235
979	266
979	390
979	461
979	490
979	530
979	579
979	594
979	612
979	696
979	719
979	724
979	806
979	814
979	850
979	860
979	873
979	890
979	893
979	915
979	933
979	942
979	954
980	68
980	102
980	150
980	164
980	196
980	263
980	285
980	299
980	333
980	337
980	348
980	376
980	377
980	505
980	514
980	533
980	537
980	621
980	624
980	654
980	676
980	684
980	729
980	811
980	830
980	846
980	926
981	203
981	305
981	342
981	367
981	368
981	385
981	413
981	445
981	584
981	656
981	703
981	790
981	793
981	811
981	813
981	824
981	839
981	875
981	912
981	925
981	930
981	933
981	939
981	949
981	956
981	959
981	994
982	36
982	108
982	190
982	273
982	282
982	320
982	377
982	393
982	454
982	517
982	542
982	543
982	575
982	595
982	599
982	645
982	761
982	770
982	804
982	831
982	859
982	881
982	887
982	929
982	930
982	967
982	976
983	1
983	59
983	105
983	112
983	195
983	327
983	351
983	391
983	414
983	469
983	529
983	610
983	630
983	728
983	731
983	767
983	774
983	801
983	815
983	856
983	896
983	901
983	971
983	973
983	992
983	993
983	999
984	19
984	61
984	142
984	323
984	369
984	386
984	457
984	604
984	651
984	655
984	662
984	666
984	681
984	692
984	694
984	698
984	723
984	745
984	793
984	863
984	869
984	900
984	906
984	931
984	935
984	943
984	991
985	29
985	397
985	461
985	530
985	533
985	580
985	626
985	650
985	679
985	765
985	766
985	830
985	856
985	874
985	897
985	902
985	908
985	922
985	924
985	936
985	967
985	969
985	973
985	986
985	990
985	991
985	996
985	1000
986	12
986	75
986	80
986	128
986	187
986	243
986	292
986	419
986	421
986	428
986	440
986	496
986	568
986	592
986	608
986	631
986	725
986	772
986	777
986	786
986	842
986	849
986	894
986	963
986	973
986	977
986	985
986	991
987	16
987	40
987	185
987	229
987	345
987	480
987	551
987	583
987	598
987	606
987	629
987	641
987	643
987	668
987	682
987	726
987	738
987	740
987	761
987	892
987	895
987	900
987	926
987	934
987	937
987	940
987	948
987	1000
988	29
988	42
988	55
988	83
988	167
988	172
988	298
988	318
988	484
988	499
988	515
988	538
988	650
988	766
988	790
988	801
988	818
988	859
988	866
988	874
988	877
988	897
988	902
988	908
988	910
988	924
988	962
988	969
988	999
989	2
989	103
989	124
989	142
989	167
989	211
989	238
989	255
989	319
989	350
989	419
989	447
989	497
989	554
989	564
989	597
989	633
989	742
989	746
989	750
989	780
989	784
989	786
989	807
989	839
989	841
989	873
989	892
989	978
990	67
990	71
990	188
990	255
990	451
990	475
990	488
990	491
990	525
990	555
990	623
990	634
990	644
990	687
990	699
990	705
990	735
990	771
990	785
990	813
990	843
990	857
990	920
990	945
990	947
990	949
990	963
990	985
990	993
991	8
991	128
991	187
991	226
991	239
991	243
991	248
991	256
991	292
991	308
991	343
991	419
991	421
991	428
991	745
991	758
991	777
991	814
991	818
991	825
991	836
991	894
991	944
991	964
991	971
991	973
991	984
991	985
991	986
992	13
992	58
992	100
992	251
992	256
992	441
992	472
992	499
992	518
992	582
992	620
992	751
992	759
992	765
992	767
992	773
992	792
992	802
992	804
992	878
992	906
992	911
992	927
992	935
992	950
992	953
992	958
992	963
992	983
993	90
993	236
993	258
993	288
993	385
993	395
993	424
993	446
993	469
993	474
993	524
993	541
993	592
993	595
993	618
993	672
993	684
993	693
993	714
993	726
993	755
993	782
993	784
993	808
993	876
993	882
993	928
993	983
993	990
993	1000
994	121
994	160
994	223
994	269
994	298
994	363
994	371
994	373
994	400
994	413
994	439
994	538
994	578
994	603
994	785
994	790
994	839
994	850
994	851
994	875
994	920
994	925
994	932
994	933
994	956
994	968
994	969
994	974
994	981
994	997
995	5
995	10
995	26
995	349
995	535
995	565
995	572
995	640
995	648
995	657
995	691
995	696
995	699
995	722
995	766
995	779
995	792
995	799
995	820
995	821
995	829
995	843
995	866
995	867
995	906
995	913
995	959
995	964
995	970
995	996
996	226
996	338
996	356
996	378
996	388
996	476
996	485
996	517
996	570
996	604
996	648
996	657
996	678
996	722
996	753
996	756
996	785
996	786
996	790
996	821
996	828
996	829
996	843
996	867
996	909
996	913
996	959
996	976
996	985
996	995
997	45
997	55
997	69
997	117
997	244
997	386
997	563
997	587
997	604
997	655
997	714
997	723
997	745
997	789
997	791
997	852
997	858
997	863
997	875
997	877
997	886
997	899
997	900
997	906
997	928
997	931
997	945
997	959
997	964
997	994
998	111
998	120
998	178
998	186
998	277
998	383
998	384
998	428
998	459
998	471
998	473
998	474
998	515
998	516
998	524
998	534
998	548
998	683
998	762
998	764
998	767
998	849
998	852
998	859
998	860
998	885
998	894
998	927
998	958
998	974
999	56
999	130
999	269
999	348
999	373
999	421
999	429
999	450
999	582
999	609
999	624
999	642
999	644
999	677
999	721
999	728
999	796
999	824
999	886
999	890
999	900
999	918
999	919
999	921
999	938
999	948
999	976
999	977
999	983
999	988
1000	40
1000	57
1000	141
1000	435
1000	447
1000	520
1000	543
1000	551
1000	560
1000	583
1000	585
1000	598
1000	606
1000	619
1000	629
1000	643
1000	740
1000	796
1000	832
1000	865
1000	875
1000	887
1000	895
1000	910
1000	926
1000	934
1000	936
1000	985
1000	987
1000	993
