37415	3
47833	3
26994	3
4802	3
23619	3
4804	3
23620	3
23621	3
23618	3
4806	3
4809	3
4801	3
31	3
4796	3
4810	3
4798	3
4800	3
2369	3
4805	3
23622	3
4808	3
4811	3
4812	3
4816	3
4817	3
4818	3
4821	3
4823	3
4824	3
4825	3
4826	3
4827	3
3566	4
4797	3
9865	4
4803	3
9722	3
22030	4
9034	3
11595	3
17652	3
35713	3
35715	3
8841	3
59146	3
59147	3
59150	3
59151	3
52504	3
47507	3
47508	3
47509	3
47511	3
47512	3
52507	3
47516	3
52509	3
12357	3
52511	3
52512	3
52513	3
52514	3
52515	3
52516	3
52508	3
30668	3
30894	3
30897	3
12362	3
48222	3
12343	3
70563	3
12355	3
12356	3
1477	3
25819	3
12361	3
11594	3
11596	3
11597	3
11598	3
69075	3
69076	3
69077	3
69078	3
69079	3
69080	3
69081	3
25947	3
70564	3
53087	3
53090	3
53091	3
53092	3
31861	3
31862	3
70531	3
35581	3
11593	3
9727	3
13442	4
20201	21
13418	21
13407	21
20162	4
20163	4
13384	21
13385	21
13386	4
12279	21
13389	21
23757	4
13392	21
13393	21
13394	21
13395	21
13396	21
13397	21
13398	21
13412	21
13402	21
13403	21
13405	4
13406	21
23799	21
20193	4
13410	4
20195	21
20196	4
13413	4
13414	4
13415	21
12264	21
13417	21
20202	21
20199	21
20204	21
13421	21
9838	4
20200	21
13428	21
13429	21
12265	21
13416	21
12285	4
12949	21
7616	4
11905	4
39690	4
7618	4
11920	4
35267	4
35262	4
31257	4
42653	4
42658	4
35263	4
20158	4
7615	4
20160	4
20161	4
35958	4
35266	4
20172	4
20174	4
20178	4
20186	4
20187	4
20188	4
20190	4
20192	4
20219	4
35265	4
20211	4
20212	4
20213	4
20214	4
20215	4
35960	4
20218	4
20159	4
444	13
17024	13
29440	21
29441	21
29442	21
29443	21
49721	21
41886	21
33575	21
49757	21
34230	4
34233	21
49724	21
49726	21
49739	21
49732	21
49733	4
49734	21
49735	21
49737	21
49738	21
34228	21
49740	21
49741	21
49745	21
49748	21
49750	21
49751	21
49753	4
49754	21
49755	21
34234	21
49758	21
49759	21
49760	21
49761	21
34235	21
49772	21
34229	21
44153	21
14594	21
41645	13
3216	13
24593	13
24594	13
24596	13
24597	21
24598	21
24600	21
24602	21
24603	21
24604	21
20893	21
31941	21
11041	13
17052	21
22827	21
22829	21
41646	13
41647	13
22838	21
31929	21
31930	21
12603	21
31932	21
31933	21
31934	21
31935	21
31936	21
31937	21
31938	21
31940	21
9413	21
31942	21
22305	21
31951	13
31953	21
31954	21
31955	21
31956	21
31957	21
22239	21
4973	21
4974	21
34431	21
9599	21
32448	13
11266	13
4715	13
11268	13
3210	13
40844	13
33474	13
40846	13
40847	13
45713	13
11267	13
22689	13
4703	13
4712	13
33463	13
33464	13
4665	13
33466	13
33467	13
20928	13
32450	13
5900	13
11255	13
2382	13
40845	13
58832	13
4664	13
2770	13
2771	13
8790	13
33465	13
58361	13
4697	13
4698	13
58831	13
8799	13
4704	13
4705	13
4706	13
4709	13
4710	13
4711	13
3176	13
23145	13
3180	13
3181	13
3182	13
3183	13
11249	13
11250	13
34131	13
11253	13
11254	13
3177	13
11256	13
11257	13
11772	13
4714	13
45586	22
69	22
2134	2
1114	7
4189	7
2167	2
2169	7
1164	7
16583	2
1880	2
1253	7
280	7
332	2
3923	22
1881	7
44479	7
472	2
473	2
3074	2
517	7
518	7
7175	7
26632	7
26633	7
17930	7
29195	7
4639	7
15906	7
15907	7
7205	7
26631	7
5684	7
29194	7
1605	7
14407	7
5705	7
44108	7
16973	7
5748	7
1620	7
9305	7
19054	7
9331	2
9332	7
14456	7
10878	7
647	7
13982	7
672	7
29877	7
29878	7
5492	7
29883	7
701	7
15550	7
15551	7
15552	7
1231	7
21201	7
723	7
729	7
730	7
732	7
1246	7
1248	7
1761	7
17635	2
17636	7
17637	7
17638	7
2436	7
25371	7
25376	7
8481	7
25378	7
6953	7
5423	7
3806	7
7995	7
7996	7
7997	7
7998	7
7999	7
8000	7
8001	7
18242	7
8003	7
8004	7
8005	7
8006	7
8007	7
8008	7
8009	7
8010	7
8011	7
8012	7
8013	7
8014	7
8015	7
8016	7
8017	7
8019	7
18263	7
16907	7
8042	7
3948	7
3949	7
3950	7
3951	7
3953	7
7026	7
8052	7
10628	7
2437	7
2438	7
8002	7
3471	7
7056	7
2962	7
3987	7
6038	7
1431	2
3995	7
12706	7
6054	7
20392	7
11691	7
5560	7
11705	7
9152	7
5570	7
5575	7
3529	7
4555	7
11787	7
2013	7
6992	7
7140	7
18420	7
5621	7
5622	7
5623	7
5624	7
5625	7
5626	7
5627	7
5628	7
7591	2
7617	2
7433	2
7452	2
35610	2
35611	2
35612	2
35613	2
35614	2
7621	2
5569	2
7451	2
35270	2
24358	2
24359	2
24360	2
24361	2
24362	2
24647	2
5618	2
26414	2
24648	2
7474	2
5619	2
7476	2
7478	2
7480	2
35615	2
7612	2
7613	2
7414	2
7619	2
7620	2
35269	2
7622	2
35271	2
35272	2
35273	2
35274	2
7499	2
21968	2
45880	2
39762	2
3674	2
7624	2
17639	2
7475	2
54122	2
54123	2
54124	2
54125	2
54126	2
54127	2
5616	2
5617	2
10098	2
1779	2
10102	2
10103	2
7416	2
7450	2
7419	2
7420	2
10111	2
28035	22
4292	22
28037	22
16708	22
27273	22
17290	22
17291	22
51469	22
51470	22
4659	22
28946	22
17288	22
10393	22
38555	22
38874	22
4067	22
800	22
4771	22
10532	22
4773	22
4774	22
4775	22
4776	22
4777	22
4778	22
4780	22
4781	22
4782	22
4783	22
4784	22
4785	22
4786	22
4787	22
4660	22
4789	22
4790	22
4788	22
15721	22
10533	22
10550	22
4294	22
1095	22
1097	22
38162	22
10317	22
10531	22
10069	22
38870	22
38871	22
38872	22
38873	22
2522	22
349	22
350	22
351	22
2657	22
28003	22
10534	22
28006	22
32529	22
15720	22
2665	22
2666	22
15719	22
2668	22
2669	22
14039	22
16115	22
28008	22
2667	22
4658	22
16116	22
18550	22
18551	22
14700	22
15722	22
1695	8
1696	8
1697	8
1698	8
1699	8
1700	8
1701	8
1702	8
1703	8
1704	8
1705	8
1706	8
1707	8
1708	8
1709	8
1710	8
1711	8
1712	8
1713	8
1714	8
1715	8
1716	8
1717	8
1718	8
1719	8
436	8
14047	8
4216	8
14040	8
14041	8
14043	8
14044	8
14045	1
8031	8
14048	8
14049	8
14050	8
14179	8
14052	8
743	8
14058	8
14059	8
14063	8
14064	8
28536	8
28537	8
28538	8
253	8
11272	1
11273	1
40974	13
22547	1
13339	1
23585	1
23592	1
23593	1
4657	1
24117	13
24118	13
24119	13
24120	13
12898	1
22644	13
22645	13
45712	13
14489	1
14494	1
14497	1
14501	1
14502	1
14503	1
22716	1
3269	1
22222	1
22224	1
22225	1
22226	1
22227	1
54493	1
54494	1
54496	1
54497	1
54498	1
4393	1
4394	1
4396	1
4397	1
32082	1
32084	1
15718	1
15741	1
15742	13
15743	1
15744	13
15745	13
45718	13
40392	1
40397	1
6094	1
40400	1
476	1
15337	1
15338	1
15343	1
15345	1
15346	1
15347	1
5116	1
5117	1
11264	13
1181	13
7834	13
52276	13
34127	13
34132	13
34133	13
34135	13
34130	13
22385	13
44150	13
44149	13
1553	2
14739	3
14740	3
3737	2
1954	3
1955	2
9436	3
1550	2
1965	17
1969	2
10328	8
9434	3
1126	3
3117	8
3119	8
1111	17
1115	17
4198	2
104	8
1652	22
3275	2
3285	2
5500	2
2685	2
34555	2
3397	2
25428	8
347	17
348	8
1373	8
360	2
2431	2
3396	2
3399	2
1478	2
1999	2
11398	2
11401	2
6154	2
4493	2
3734	2
13274	2
6175	21
11355	2
12842	2
8363	2
8365	2
8366	2
8367	2
8369	2
8370	2
5308	2
7742	2
5312	2
4930	2
12869	2
12870	2
13264	2
13265	2
13266	2
13267	2
13268	2
13269	2
13271	2
13272	2
13273	2
11354	2
13275	2
13276	17
13277	17
13278	17
13279	17
13280	17
12514	2
12905	2
12906	2
12907	2
12908	2
12909	2
12797	2
7677	2
4607	2
384	8
387	8
388	8
389	8
390	8
30472	8
6665	8
30474	8
30475	8
30476	8
30477	8
4878	8
30479	8
30480	8
30481	8
1043	8
30469	8
2209	8
9779	8
50865	8
2216	8
9769	8
50864	8
17969	8
36659	8
36660	8
4830	17
36662	8
9784	8
26169	8
2207	8
4924	8
36670	8
12735	8
36672	8
36673	8
9782	8
36682	8
36683	8
36686	8
9780	8
47825	8
47826	8
47827	8
47828	8
47829	8
9785	8
47452	8
47453	8
47454	8
47455	8
47457	8
47458	8
47459	8
47460	8
47461	8
4497	8
875	8
28908	8
9781	8
3624	8
12755	8
9790	8
869	8
3967	8
30460	8
30461	8
30462	8
30463	8
5135	17
14358	17
5808	22
38961	17
38963	17
38970	22
2646	17
2670	22
4751	17
29334	22
4772	17
5805	22
686	17
5809	22
692	17
28350	17
5823	22
5829	21
28193	17
5832	22
5834	22
5835	22
5837	22
38094	22
5839	22
5841	22
34516	22
34517	22
34518	22
34519	22
34524	22
34526	22
38111	22
7913	17
4330	17
4332	22
4333	22
5882	22
5884	17
5885	22
5886	22
39183	17
39184	17
5394	22
39187	22
38962	17
2381	17
5458	22
5464	22
5467	17
864	22
871	22
38782	22
5782	22
10658	22
5064	17
3036	17
26599	22
26600	22
13290	17
41472	21
41473	21
41474	21
41475	21
41476	21
8325	21
41478	21
41479	21
41480	21
13315	21
17075	21
8324	21
8431	21
41477	21
8432	21
7462	21
35881	21
35882	21
35883	21
35884	21
35885	21
17074	21
8435	17
34142	21
17077	21
8430	21
14398	21
4953	21
34138	21
34139	21
34141	21
41458	21
5993	21
24299	21
24300	21
24301	21
24302	21
24303	21
24304	21
24305	21
8434	21
14323	21
8310	21
9595	21
9596	21
41471	21
1795	17
7428	17
7429	17
4615	17
4617	17
4618	17
5263	17
5264	17
4754	17
18414	17
25632	17
4642	17
4643	17
4644	17
4645	17
10664	17
10665	17
4652	17
4654	17
4656	17
28150	17
5190	17
5191	17
6346	17
14498	17
28152	17
3795	17
3796	17
9891	17
14479	17
4063	17
4064	17
14480	17
7654	17
2663	17
7656	17
13929	17
28139	17
13932	17
4590	17
4591	17
5872	17
4595	17
4596	17
4597	17
4598	17
4600	17
28153	17
4604	17
2176	7
704	8
4673	17
6047	7
3874	8
27591	8
4666	7
4668	17
4670	17
4671	17
4672	8
713	3
4688	17
4691	2
4692	2
4695	4
4696	2
4701	2
4708	2
4716	17
4717	17
4719	1
29299	2
29300	17
4609	2
4611	1
5124	2
4621	2
4622	2
12818	2
19990	2
13336	2
13337	2
13338	2
13340	2
13341	2
13342	2
12831	2
6184	2
7209	2
4158	2
20031	2
10819	2
591	2
20238	2
23311	2
23312	2
23309	2
23313	2
12904	2
23314	2
23315	2
8319	2
8320	7
645	2
4634	2
14528	2
14530	2
14531	2
14532	2
14533	2
10444	1
11984	2
8404	2
8405	2
8406	2
8407	2
8408	2
8409	2
8410	2
8411	2
10986	2
10989	2
11003	2
11004	2
11005	2
8446	2
20233	2
20234	2
20235	2
20236	2
20237	2
23310	2
20239	2
20240	2
20241	2
20242	2
20243	2
20244	2
1324	2
1842	8
11065	2
34118	2
31559	2
31560	2
14308	2
2932	2
4499	17
4505	2
34119	2
19409	2
14299	2
14300	2
14301	2
19427	2
19428	2
19429	2
4599	2
7679	2
8064	7
8209	7
4487	7
4488	7
11159	7
140	7
11149	7
11150	7
11151	7
11152	17
11153	7
19	7
11156	7
10389	7
11158	7
5783	3
11160	7
6042	3
3488	7
33	7
11556	7
39	8
8492	7
8494	7
8495	7
8496	7
8497	7
8498	7
8499	7
8500	7
8501	7
8502	7
8503	7
4084	7
8506	7
8123	7
8508	7
8505	7
4917	7
5704	7
11148	7
37239	7
16076	7
5719	7
5855	7
8507	7
7908	7
7141	7
5479	7
8172	7
8173	7
11155	7
37236	7
37237	7
37238	7
4087	7
3476	7
8063	7
25105	7
11157	7
3329	1
22537	1
22671	1
22672	1
22673	1
22674	1
22675	1
22676	1
22677	1
22678	1
22679	1
22680	1
22681	1
22682	1
22683	1
22684	1
22685	1
22686	1
22687	1
22688	1
22690	1
22691	8
22692	1
22695	1
14391	1
22210	1
22211	1
22212	1
22214	1
6100	1
17113	1
17114	1
17116	1
22365	1
17146	1
22257	1
57844	1
57845	1
57846	1
57847	3
57848	1
16601	1
9837	4
13425	21
13400	4
13404	21
13424	21
13426	21
13427	21
13430	21
13433	22
65920	3
65921	3
65922	3
65923	3
25732	3
1157	8
65926	3
65924	3
25739	3
26	8
20889	3
7194	3
27	8
25818	3
32	8
1627	3
45733	3
45734	3
45735	3
45736	3
45737	3
45738	3
45739	3
45740	3
9728	3
12353	3
2529	3
10193	8
9729	22
25948	8
25949	3
25951	3
25952	3
25953	3
25954	3
25955	3
25956	3
25957	3
25958	3
25959	3
9724	8
4807	8
29707	8
7923	17
9720	8
9721	8
35580	3
9725	3
9726	3
14046	22
14053	22
14051	22
14054	22
14055	22
14060	22
14061	17
55442	4
55444	4
6530	17
6531	17
6532	17
6533	17
1030	17
6536	17
6539	17
6541	17
6542	17
6543	17
6672	17
6673	17
2643	17
6547	17
1172	17
6671	17
13828	17
1648	17
6535	17
6534	17
3931	17
15147	17
15150	17
15151	17
15156	17
15157	17
6537	17
15160	17
15161	17
15162	17
15163	17
15164	17
2634	17
15166	17
6594	17
15149	17
2633	17
6622	17
13919	17
1383	17
6631	17
5105	17
5106	17
6647	17
6548	17
6653	17
15146	17
6654	17
6655	17
28551	22
16984	22
152	22
15259	22
263	22
740	22
744	22
746	22
