84	47224
160	177123
168	178408
226	178410
319	47822
397	179933
400	179934
433	179935
435	179220
467	175791
471	207591
472	207592
473	207593
474	207594
479	179936
516	19449
555	179940
560	70915
572	239882
576	274856
643	179942
647	345470
650	179221
681	225136
725	179944
758	434622
859	177138
872	28537
916	178427
937	189344
942	132975
989	181294
1009	178428
1022	64789
1080	225158
1103	177140
1162	179224
1265	428616
1315	176996
1323	178434
1332	328907
1335	377092
1343	222680
1382	47260
1540	239883
1585	263951
1588	179958
1599	70907
1643	92258
1647	379697
1687	175808
1705	177163
1715	177164
1717	275196
1770	75925
1799	289820
1818	178447
1822	179963
1841	179227
1946	222704
1997	177168
2027	105353
2029	179973
2092	179232
2118	256263
2120	179976
2173	378410
2312	177177
2325	175828
2366	177179
2374	177180
2376	177182
2502	338911
2511	179236
2518	433537
2537	175832
2543	177193
2564	179982
2570	179237
2784	177200
2801	207590
2849	357024
2851	113991
2893	25451
2919	179245
2941	179246
2942	20093
2962	215703
3102	175844
3109	175848
3116	175852
3120	175856
3121	175857
3147	175861
3150	175864
3192	380857
3228	179994
3263	227641
3355	401224
3478	179248
3498	92298
3500	281064
3617	175873
3676	121511
3681	121513
3763	180003
3816	177226
3855	178478
3856	178479
3914	215752
3927	178481
3972	378561
3982	329239
4017	179254
4046	179560
4059	90069
4089	180013
4099	84726
4127	427680
4164	180020
4227	178486
4280	413898
4334	175881
4433	231000
4462	358188
4582	178501
4588	180031
4656	178503
4668	180034
4710	55317
4799	8201
4810	180039
4812	27528
5042	81161
5068	218134
5122	177364
5203	90092
5257	91176
5279	175893
5304	220445
5331	427042
5350	310588
5478	175894
5530	180059
5537	51949
5565	178526
5602	88988
5608	189540
5649	73517
5671	179270
5701	180066
5798	37083
5817	178530
5856	50725
5907	401142
5917	316954
5958	333544
6040	245128
6048	175909
6142	175911
6221	66064
6267	339037
6340	37121
6347	180096
6385	51961
6408	356196
6426	179274
6428	175915
6447	70052
6463	180100
6519	177290
6532	70888
6559	220496
6588	177291
6721	179323
6849	192793
6907	177294
6969	175929
6971	215867
6990	24537
7001	86783
7032	51979
7046	180125
7089	180127
7095	175930
7114	175932
7115	73519
7121	178575
7155	49681
7158	177295
7166	179225
7206	329283
7209	18496
7216	222933
7230	3692
7320	178578
7375	180131
7394	175940
7423	179284
7435	175944
7488	177357
7551	175949
7555	383472
7573	177306
7576	218227
7624	175950
7676	178868
7688	179286
7697	179287
7700	50747
7717	177307
7720	218235
7771	180133
7811	318602
7879	223115
7884	180139
7926	403755
7969	179020
8110	49700
8140	83684
8167	178592
8199	180143
8203	177312
8218	217230
8267	179296
8319	116554
8402	175964
8412	177590
8419	179297
8421	175965
8422	175966
8478	259113
8501	180181
8505	180182
8548	180189
8594	121507
8621	121824
8625	179299
8662	177321
8668	189700
8687	178603
8738	223003
8768	412307
8798	177326
8858	178614
9015	256271
9113	220587
9144	50003
9308	175983
9342	178616
9410	123855
9425	177338
9478	178618
9553	179567
9558	175993
9573	254860
9578	178620
9632	91252
9687	218310
9740	87985
9741	179314
9747	175999
9799	89055
9906	50692
9929	75688
9959	215971
10001	300891
10048	89060
10060	176011
10071	182036
10083	177162
10143	207596
10180	178627
10185	176012
10221	183692
10259	49736
10265	177353
10266	178628
10381	176017
10416	176018
10527	178633
10561	383471
10674	177455
10688	180865
10856	88005
10959	107506
10982	176035
11018	216007
11080	178645
11300	433541
11372	177368
11425	113604
11432	72909
11435	90199
11518	95255
11524	176041
11548	229239
11566	179324
11568	176045
11595	26635
11603	177378
11613	177379
11639	248994
11679	179684
11842	75692
11877	238016
11892	223142
11918	178658
11982	178659
12113	177385
12121	177386
12189	50830
12202	179331
12220	89104
12252	177387
12266	178662
12317	220712
12336	177389
12483	245078
12530	48662
12562	179335
12630	90225
12707	178544
12757	179233
12759	223183
12787	340363
12788	124220
12970	177399
13002	404378
13021	216082
13110	50411
13136	177404
13165	178675
13239	11940
13325	176072
13342	177413
13350	334422
13368	177174
13466	179344
13494	177417
13551	245146
13671	176076
13680	178677
13713	176077
13842	20168
13854	176080
13873	178684
13890	179346
13915	177424
13932	177185
13947	179347
13956	239650
14048	177187
14049	176088
14200	217722
14252	88067
14371	176093
14389	340364
14394	217268
14401	223247
14422	176095
14456	178694
14459	413264
14501	176096
14502	177808
14527	37563
14539	176098
14589	91350
14651	91353
14692	375843
14717	179360
14738	178699
14739	178700
14744	38100
14811	402730
14821	88078
14829	218535
14912	177456
14982	254857
15027	89171
15128	179367
15275	383469
15299	176125
15346	179369
15348	177464
15388	179371
15430	14343
15431	418286
15507	179243
15523	358348
15568	177467
15632	218577
15669	179376
15704	245075
15725	388846
15777	179380
15783	47519
15806	177473
15885	273099
15896	179385
15901	90304
15905	327660
15933	178712
15937	178714
16037	407706
16077	71744
16105	189699
16110	98777
16114	240006
16153	379698
16154	379701
16160	177484
16161	378546
16172	179388
16181	47525
16187	68700
16193	412358
16223	177488
16229	49855
16235	89194
16236	176146
16265	159077
16281	179389
16325	245145
16438	327592
16459	179394
16462	179395
16468	189697
16523	216259
16530	176157
16542	220907
16571	70910
16598	223335
16628	177497
16646	265493
16651	178725
16755	176162
16763	26731
16800	179401
16815	299830
16820	176165
16842	30356
16849	179403
16873	216068
16915	177502
16991	47543
17025	68704
17091	176168
17139	179405
17162	177508
17167	91403
17173	216293
17193	88128
17201	48769
17206	177513
17218	177514
17239	418288
17247	176170
17251	338917
17281	176171
17331	90331
17343	223371
17411	177519
17417	177520
17474	176172
17589	177207
17644	64373
17698	178744
17774	175854
17785	27774
17879	51910
17887	376599
17895	176180
17905	218678
18044	320589
18091	432662
18134	25755
18162	179419
18226	179420
18229	75180
18235	179340
18276	179423
18304	177550
18354	223427
18374	179425
18482	105559
18516	19451
18554	22864
18607	115438
18626	25763
18672	281066
18773	179429
18792	66069
18833	176202
18873	158503
18913	66067
18980	177570
19018	107387
19021	113243
19036	177571
19044	136113
19072	177214
19092	244309
19110	316951
19111	176209
19120	176210
19262	178760
19296	179439
19327	263350
19493	47612
19502	176230
19630	178762
19754	323920
19879	197397
19909	218780
19932	176236
19959	178766
20004	71905
20017	176239
20019	179447
20061	88184
20094	178769
20100	327398
20139	223529
20180	48846
20226	24801
20293	375118
20364	176248
20392	378056
20408	177595
20411	177596
20414	177597
20427	121512
20437	178773
20446	178774
20483	115436
20522	178965
20527	217689
20534	179454
20638	179249
20687	379177
20712	132397
20787	177606
20833	177608
20835	239907
20882	90401
20959	177617
20981	423780
20991	176266
21047	177619
21061	176547
21068	90408
21082	178781
21090	179461
21145	324988
21175	179592
21176	24819
21214	178782
21275	179463
21440	178784
21442	177626
21447	177627
21520	18029
21572	22556
21621	179469
21631	216485
21650	433539
21655	177630
21696	377347
21703	218862
21742	177631
21750	218482
21775	109005
21789	178793
21807	176285
21866	51070
21969	298486
21976	91515
21999	176550
22010	178797
22055	123851
22152	223600
22211	356810
22227	178800
22234	216508
22239	218887
22257	177652
22270	176295
22272	402729
22355	72185
22487	108874
22533	176299
22548	329281
22621	220405
22643	177661
22651	409170
22704	68067
22741	19452
22760	25846
22777	263999
22798	176307
22821	222386
22839	245124
22847	176312
22855	245142
22863	90449
22932	86960
22960	177676
23039	340362
23053	178809
23112	178811
23121	14631
23223	58900
23299	176340
23419	176999
23429	427684
23530	177691
23585	178816
23611	179496
23633	177694
23652	176345
23658	176346
23673	177697
23731	274858
23743	176349
23756	179500
23805	443673
23841	50014
23874	121828
23911	176355
23945	179501
24032	176997
24127	44584
24135	179507
24142	179508
24170	407707
24186	70892
24270	289826
24281	254858
24297	177711
24304	177716
24310	345468
24311	281063
24393	47742
24440	179510
24443	179511
24490	377386
24582	177723
24702	179515
24770	51510
24830	178826
24835	176377
24849	179520
24851	177725
24873	358350
24883	327399
24893	179522
24952	333852
24977	355310
25008	176395
25019	179387
25039	176397
25050	189698
25068	326974
25080	220809
25106	178830
25147	356476
25270	179527
25292	178837
25295	254861
25378	427682
25415	177245
25492	134026
25512	222818
25513	178842
25517	333862
25544	26895
25624	179534
25625	176413
25669	223627
25692	376713
25699	51163
25709	219032
25766	179535
25840	88329
25848	177247
25860	323752
25871	338915
25951	176424
25975	358186
26018	335186
26055	176429
26074	223259
26126	124209
26315	177748
26321	177749
26328	179539
26348	382757
26370	178909
26457	176435
26519	177756
26537	176439
26567	430097
26643	50069
26702	188510
26707	216726
26855	51188
26987	178853
26989	219097
27011	90452
27015	176455
27052	281061
27081	328893
27082	178854
27086	126302
27150	178857
27163	176458
27168	179549
27224	178859
27226	51099
27259	134029
27260	176460
27353	176465
27355	179553
27356	176466
27371	176467
27376	176468
27407	89460
27520	180047
27524	179556
27554	245126
27591	176475
27594	353009
27658	18467
27726	179558
27742	376206
27769	177849
27773	300901
27782	415292
27824	177770
27865	176481
27943	176783
27946	176484
27953	179620
27958	176485
28009	176486
28014	221430
28041	127190
28070	179561
28139	176490
28156	27998
28158	179562
28165	428124
28188	177852
28206	176493
28225	176494
28237	83353
28323	204295
28372	178869
28436	178871
28448	178872
28461	176501
28476	176502
28625	176504
28631	179568
28637	28080
28642	176506
28655	179569
28740	179390
28754	176509
28783	179571
28815	176511
28829	219180
28833	176512
28930	26962
28946	178921
28953	345471
28998	98776
29242	51252
29285	382543
29322	40338
29324	342517
29338	219205
29410	219207
29424	179031
29426	178889
29427	88404
29533	254862
29543	179584
29604	178892
29733	356683
29798	178895
29826	400313
29858	178897
29890	377463
29906	338124
29944	179587
29962	26980
30008	244310
30009	244311
30010	244312
30011	244313
30025	179588
30044	176539
30068	177823
30173	178924
30221	88630
30332	50201
30333	218555
30338	381593
30437	223975
30494	402977
30525	70897
30526	360400
30576	216940
30658	376784
30659	332918
30701	176554
30837	178900
30943	51291
30981	89528
31008	245077
31077	177698
31079	219276
31089	378218
31168	179600
31217	178905
31226	176564
31233	107623
31251	179601
31372	108628
31380	177846
31404	178910
31445	75244
31455	88448
31467	177847
31478	178912
31622	135866
31750	25019
31795	178923
31864	75246
31888	176576
31901	25024
31949	343222
32055	224055
32083	68705
32110	219313
32118	177870
32180	178929
32255	217025
32308	179615
32315	345469
32361	113058
32391	89563
32396	177875
32421	219005
32440	178936
32700	177882
32742	304103
32868	121826
32894	176585
32985	221685
32994	179621
33019	75253
33051	177898
33056	177899
33134	224104
33154	178945
33162	176590
33164	70909
33204	38583
33230	178947
33279	178379
33290	70894
33293	177908
33393	318140
33402	178262
33439	343223
33564	436705
33721	121829
33730	178953
33790	177705
33797	50221
33808	418285
33815	178956
33879	179631
33905	281065
33915	176610
33938	18468
33961	264624
33990	224136
33994	178709
34002	176617
34032	179632
34151	420755
34169	177924
34297	176579
34327	63615
34400	177926
34412	176628
34437	176629
34501	178549
34576	28156
34593	422960
34664	221757
34728	179645
34783	264594
34834	176639
34843	179861
35043	236223
35069	179649
35100	176649
35171	26091
35189	222061
35569	104168
35570	433540
35573	176658
35590	176659
35592	14205
35655	26102
35693	178720
35774	177965
35784	89761
35786	179654
35820	221824
35824	176663
35843	179655
35868	178982
35909	51424
35945	179658
36000	91817
36042	179662
36089	318142
36124	14430
36231	178985
36259	177980
36266	176669
36315	176671
36331	245144
36382	427235
36384	343224
36407	178986
36464	299088
36481	121509
36570	329282
36616	179668
36630	28196
36678	428489
36680	318141
36684	176680
36693	369694
36747	178988
36764	179670
36806	179671
36810	178993
36811	25720
36813	177991
36821	70904
36851	177993
36859	178994
36983	179679
37004	176687
37076	176696
37097	88559
37110	430334
37177	10163
37211	179682
37234	224297
37239	178997
37254	412734
37332	55358
37383	176703
37416	324990
37423	179687
37454	176705
37551	179691
37569	179002
37574	219578
37624	179879
37665	375114
37684	255993
37736	22390
37837	413740
37864	178946
37893	224330
37930	178013
37934	179699
37944	178014
37948	179700
37949	179701
38058	177459
38075	51473
38121	176718
38172	179705
38248	178018
38303	179709
38311	217302
38313	176725
38319	179711
38342	383473
38363	433536
38367	224358
38394	176727
38398	176728
38427	52763
38451	378318
38503	81796
38516	66068
38545	299086
38552	176731
38558	179012
38567	245076
38572	88590
38588	221946
38607	179719
38622	123856
38648	14698
38659	179721
38724	219375
38732	176733
38757	376007
38772	380859
38828	179013
38837	179014
38910	107432
38911	358360
38916	178037
38923	179724
38977	179016
39023	179725
39124	52890
39156	178044
39191	410139
39244	179726
39248	178048
39267	189696
39300	121510
39366	176759
39372	90773
39383	176761
39388	176763
39430	178053
39475	59150
39683	176776
39717	176780
39743	178061
39783	176781
39862	178065
39922	89733
39988	178067
39997	402978
40004	27196
40047	178070
40060	340365
40195	178073
40214	179033
40246	176789
40249	176790
40267	26193
40367	299828
40408	117948
40486	178078
40490	105338
40542	88633
40585	178080
40603	178081
40604	179738
40639	179740
40643	219724
40687	178083
40688	178084
40690	178085
40736	178087
40768	50384
40795	219732
40919	179049
40929	179052
40960	178093
40985	90846
41007	179058
41052	51412
41099	176806
41101	382546
41139	219745
41170	409164
41179	179061
41198	75846
41291	89763
41298	178098
41372	281062
41434	178734
41458	358611
41486	378369
41528	179530
41552	222080
41565	50397
41588	179750
41660	222084
41678	176815
41680	179075
41687	217445
41750	224528
41763	178112
41766	179069
41868	222094
41897	51563
41928	51565
41935	32565
41974	91953
41982	217458
42053	179073
42122	179759
42236	383418
42257	179078
42284	51575
42301	327663
42309	218253
42358	178139
42365	178141
42394	179290
42395	402398
42454	179763
42476	126415
42493	179764
42543	179082
42559	316953
42568	178137
42715	176847
42788	49345
42810	176851
42844	179777
42862	91973
42920	51161
42962	422966
42967	179778
43012	347144
43036	88698
43054	50421
43178	88700
43208	91985
43241	176858
43314	95259
43422	281060
43449	179098
43460	50439
43531	178178
43538	179103
43540	88708
43563	343225
43632	358187
43644	179104
43700	179783
43774	355786
43789	179107
43838	413495
43861	179786
43869	14726
43929	236226
43933	88989
43962	179110
44084	70906
44167	27281
44216	407704
44220	178195
44284	176897
44315	179112
44324	324994
44347	64791
44348	24519
44394	217568
44420	338916
44471	179791
44503	176905
44520	219903
44522	178202
44528	338912
44529	338913
44558	18312
44560	176907
44566	413351
44611	338914
44615	179117
44661	217582
44717	176911
44763	230773
44769	197560
44790	18493
44899	176912
44902	194250
45011	375117
45024	378420
45112	50472
45147	176921
45228	176922
45242	114810
45269	92021
45378	176927
45411	435519
45412	179086
45452	134027
45487	177527
45507	49710
45520	179802
45521	219956
45540	204292
45541	376289
45575	176934
45584	179132
45674	176937
45689	49401
45703	256262
45779	179300
45940	273100
45990	179804
45997	176943
46017	219979
46028	380858
46056	318460
46150	176951
46191	179811
46193	179812
46210	179814
46213	333548
46224	126304
46237	181312
46253	179815
46294	178372
46333	178373
46337	376994
46380	179818
46388	176958
46414	219989
46439	243886
46510	219832
46512	108185
46525	178238
46545	320512
46581	179145
46584	176963
46596	176965
46622	75331
46639	178374
46708	176969
46724	179149
46731	179150
46744	404377
46768	89057
46780	404410
46810	178254
46839	179822
46950	176972
47000	177330
47223	254859
47236	178264
47249	90970
47343	176981
47351	338130
47392	176984
47400	178268
47438	178270
47443	50519
47467	224800
47492	176990
47540	81137
47751	178279
47781	178280
47784	64375
47859	217731
47898	178282
47903	14505
47944	136109
48016	179839
48020	222408
48077	178286
48153	227640
48173	412857
48184	401141
48195	26360
48267	338127
48289	178290
48319	179166
48345	217753
48348	376606
48512	40315
48567	178295
48592	175984
48655	177036
48662	121508
48679	179843
48683	205923
48703	41005
48732	179170
48738	176187
48773	222446
48803	179847
48822	382755
48823	179848
48921	179173
48942	89921
49034	74439
49086	178312
49238	179178
49249	239651
49388	178970
49468	369695
49507	222480
49564	177050
49578	224930
49610	50559
49620	192830
49625	179864
49670	52364
49671	177053
49672	179867
49699	177054
49733	179868
49774	179187
49801	179189
49818	179190
49844	177057
49888	217819
49892	222492
49946	190565
49949	218308
49968	177060
50012	117949
50251	179192
50260	431194
50296	224970
50304	126313
50310	179886
50346	207595
50356	178339
50423	179887
50465	179888
50468	263955
50475	178345
50600	70913
50646	178351
50700	179196
50733	25395
50737	44344
50799	338131
50810	179890
50822	239881
50923	178356
50936	179106
50984	50586
51071	179895
51102	49546
51127	418287
51140	179921
51246	178364
51296	179899
51330	19450
51383	264068
51447	358363
51466	179204
51468	88535
51503	179205
51507	177098
51517	14765
51589	179906
51590	270655
51633	179207
51750	177103
51767	179910
51772	50604
51840	70054
51891	179917
51897	222591
51911	179209
51947	178381
52103	179210
52162	179109
52196	222603
52222	372737
52261	239246
52283	177181
52292	355784
52316	177351
52331	25431
52334	88885
52338	178391
52341	179213
52417	177113
52453	217920
52473	179922
52483	176874
52522	377070
52559	195422
52562	338125
52580	177116
52622	179217
