40378	543
39335	543
28984	4780
24459	5163
14646	5163
51975	5163
5745	2613
50734	5163
9376	5163
28176	5163
31017	5163
33630	5163
21170	5163
10770	5163
6863	4780
16379	4780
42369	543
4051	4780
17812	4780
35276	4780
29373	4780
47197	4780
40820	4780
22285	4780
23682	6797
13152	6797
45611	3010
14697	4780
18325	4780
44088	2238
31537	5163
28010	5163
31801	3010
42347	3010
18551	5163
10646	3860
39354	5163
28	5163
1842	345
3180	5163
26713	5163
38345	21135
28613	5163
50974	5163
27612	5163
8210	5163
37932	5163
47108	5163
2361	345
13644	5163
42808	5163
7233	5163
45276	345
45785	5163
23643	2613
5862	5163
1608	2224
27914	2238
14062	345
21418	6797
39716	345
20769	5163
28030	6456
29741	6456
11737	6456
27408	6456
32786	3010
35828	6456
33753	5163
17199	3010
37209	6456
43117	3010
3983	5163
13583	2238
30652	5163
19151	5163
47201	5163
49201	5163
3988	5163
17863	9333
1333	1365
43838	24061
44737	5163
88	5163
37654	5163
104	3860
4770	3860
13477	5163
24268	5163
29725	5163
34073	5163
35465	5163
40185	5163
41422	5163
47872	5163
26135	5163
1619	3860
4787	3860
10927	3860
11130	372
27600	3860
29160	5163
43370	5163
45705	5163
45781	5163
48381	372
4211	5163
718	3860
1487	5163
8586	5163
13808	5163
11499	5163
20228	5163
23161	5163
24052	5163
26031	5163
35741	5163
38967	3860
41462	5163
42813	3860
45422	3860
47635	5163
50265	5163
519	5163
7113	5163
41974	5163
18305	3860
31156	16484
38546	5163
21259	5163
21852	5163
30196	3860
41009	5163
33316	5163
4300	5163
28528	8429
13630	5163
42064	5163
4804	5163
39987	5163
42966	5163
3362	4086
46979	345
44407	5163
48245	2725
4916	2238
15875	345
3636	5163
2191	5163
24957	5163
28042	5163
37837	24061
38002	5163
20394	5163
40881	5163
39485	5163
15847	5163
6468	5163
46208	5163
29509	5163
6250	5163
364	5163
26766	5163
50385	2725
52481	5163
21947	5163
34516	5163
24628	5163
46373	5163
19250	5163
32035	5163
7458	2224
33785	2224
34050	2238
35808	2238
33421	2238
41355	2224
30879	2238
2928	345
44178	345
17840	345
18783	6456
29118	345
17629	6456
48625	345
50553	345
45637	5163
1346	5163
41923	5163
201	5163
33783	9333
12974	5163
50482	1365
20683	5163
27210	5163
45404	5163
25426	5163
29767	5163
50224	5163
40182	5163
16146	5163
18430	2238
25394	5163
36785	5163
43715	5163
9384	5163
13531	5163
43520	5163
17510	2238
38753	2238
29674	2224
25756	16484
49372	2238
33510	2238
47413	2224
25610	2224
24345	5163
49195	5163
30315	2224
22145	5163
6255	5163
43621	345
5654	2224
46126	2238
45458	2238
17849	2224
12484	2238
6680	2224
37682	2224
19340	6456
27375	1365
20224	6456
28446	5163
27097	1365
39762	1365
38953	5163
51189	5163
20265	5163
1895	5163
19988	5163
13049	5163
30642	3860
47374	3860
49022	5163
31767	3860
1937	5163
3518	3860
3962	3860
37915	5163
27889	5163
10870	5163
8273	3860
5004	5163
23722	5163
514	5163
25110	5163
22383	3860
23358	3860
10074	5163
43149	5163
1155	5163
41011	3860
33998	3860
35006	5163
37978	3860
36369	5163
26927	5163
39111	5163
8119	5163
32840	5163
25828	5163
9185	3860
23012	3860
28376	5163
28563	3860
43208	5163
18985	5163
2988	5163
45281	5163
27603	3860
5863	3860
18415	5163
16252	5163
1086	5163
31174	5163
12479	5163
39981	5163
37089	5163
50817	3860
20767	3860
2835	3860
35552	5163
8859	5163
31989	5163
22997	4086
32943	5163
51546	5163
2972	5163
9853	3860
3090	5163
46554	5163
7378	5163
9952	5163
15616	5163
20832	5163
19855	5163
24529	5163
35410	5163
37993	5163
16370	5163
45617	5163
15238	5163
10848	5163
1917	5163
44568	5163
24203	5163
50439	5163
31669	5163
14543	5163
30486	5163
13960	5163
31436	5163
42580	5163
14184	5163
3163	5163
48190	5163
47797	5163
8567	5163
12424	5163
15962	5163
36367	5163
17217	5163
32819	5163
37487	5163
17240	5163
6039	5163
20479	5163
48800	5163
38461	5163
51715	5163
10709	5163
35659	5163
13635	5163
47057	5163
20309	5163
42847	5163
44495	5163
50038	5163
51762	5163
44235	5163
1127	5163
36465	5163
2571	5163
26630	16484
26439	5163
20055	5163
26263	5163
5911	5163
45533	5163
31009	5163
43736	5163
39750	5163
39613	5163
31012	5163
15470	5163
21767	5163
37543	5163
44844	372
28991	5163
44962	5163
35784	5163
49177	5163
1791	5163
32054	5163
28045	5163
19839	5163
13241	5163
4378	5163
5938	16484
39252	5163
2008	5163
12271	5163
43036	5163
13078	5163
21501	5163
28784	5163
33368	5163
34378	5163
1479	5163
31984	5163
12173	5163
7834	5163
50488	5163
42323	5163
45675	5163
32884	5163
30928	5163
39372	5163
39579	3860
7796	3860
46051	3860
