19495	1
28675	1
43	1
21209	1
23719	1
24514	1
2464	1
967	1
11618	1
1029	1
6191	1
16155	1
14780	1
25078	1
21828	1
18745	1
28432	1
10964	1
5238	1
3158	1
14386	1
25195	1
19213	1
19705	1
12443	1
27915	1
14555	1
13153	1
8573	1
11062	1
13155	1
8787	1
19168	1
9273	1
25817	1
28115	1
5067	1
7900	1
13487	1
27988	1
19068	1
2576	1
4779	1
5736	1
16754	1
12040	1
5898	1
1388	2
14705	2
15235	3
11703	1
25626	4
19712	1
9091	2
2346	2
13199	2
11327	2
14531	4
23153	2
16140	2
24044	2
6855	2
13307	2
19069	2
19085	2
1334	2
8861	2
1866	2
25866	2
10625	2
331	2
25423	2
6264	3
5368	4
2783	3
24170	3
12543	3
8724	3
232	3
5231	3
17493	3
12102	3
7986	3
7725	3
16984	3
14477	3
2570	3
21738	3
11361	3
8061	3
9312	3
28136	3
5822	3
20430	3
16419	4
26554	4
7322	4
11916	4
1933	4
23142	4
20980	4
14739	4
24098	4
9614	4
11475	4
18419	4
6816	4
25131	4
18622	4
13243	4
15374	4
11647	4
15691	4
19901	4
6242	4
17426	4
